Estado,Año,Mes,Tasa de desempleo,Id_estado
Alaska,2000,Diciembre,6.3,AK
Alaska,2000,Noviembre,6.3,AK
Alaska,2000,Octubre,6.4,AK
Alaska,2000,Septiembre,6.4,AK
Alaska,2000,Agosto,6.4,AK
Alaska,2000,Julio,6.4,AK
Alaska,2000,Junio,6.4,AK
Alaska,2000,Mayo,6.3,AK
Alaska,2000,Abril,6.3,AK
Alaska,2000,Marzo,6.2,AK
Alaska,2000,Febrero,6.2,AK
Alaska,2000,Enero,6.2,AK
Alaska,2001,Diciembre,6.7,AK
Alaska,2001,Noviembre,6.6,AK
Alaska,2001,Octubre,6.5,AK
Alaska,2001,Septiembre,6.4,AK
Alaska,2001,Agosto,6.3,AK
Alaska,2001,Julio,6.2,AK
Alaska,2001,Junio,6.1,AK
Alaska,2001,Mayo,6.1,AK
Alaska,2001,Abril,6.1,AK
Alaska,2001,Marzo,6.1,AK
Alaska,2001,Febrero,6.1,AK
Alaska,2001,Enero,6.2,AK
Alaska,2002,Diciembre,7.4,AK
Alaska,2002,Noviembre,7.4,AK
Alaska,2002,Octubre,7.3,AK
Alaska,2002,Septiembre,7.3,AK
Alaska,2002,Agosto,7.2,AK
Alaska,2002,Julio,7.2,AK
Alaska,2002,Junio,7.2,AK
Alaska,2002,Mayo,7.2,AK
Alaska,2002,Abril,7.1,AK
Alaska,2002,Marzo,7.0,AK
Alaska,2002,Febrero,6.9,AK
Alaska,2002,Enero,6.8,AK
Alaska,2003,Diciembre,7.6,AK
Alaska,2003,Noviembre,7.7,AK
Alaska,2003,Octubre,7.7,AK
Alaska,2003,Septiembre,7.7,AK
Alaska,2003,Agosto,7.8,AK
Alaska,2003,Julio,7.8,AK
Alaska,2003,Junio,7.8,AK
Alaska,2003,Mayo,7.7,AK
Alaska,2003,Abril,7.7,AK
Alaska,2003,Marzo,7.6,AK
Alaska,2003,Febrero,7.6,AK
Alaska,2003,Enero,7.5,AK
Alaska,2004,Diciembre,7.2,AK
Alaska,2004,Noviembre,7.2,AK
Alaska,2004,Octubre,7.2,AK
Alaska,2004,Septiembre,7.3,AK
Alaska,2004,Agosto,7.3,AK
Alaska,2004,Julio,7.4,AK
Alaska,2004,Junio,7.5,AK
Alaska,2004,Mayo,7.5,AK
Alaska,2004,Abril,7.6,AK
Alaska,2004,Marzo,7.6,AK
Alaska,2004,Febrero,7.6,AK
Alaska,2004,Enero,7.6,AK
Alaska,2005,Diciembre,7.0,AK
Alaska,2005,Noviembre,7.0,AK
Alaska,2005,Octubre,7.0,AK
Alaska,2005,Septiembre,7.0,AK
Alaska,2005,Agosto,6.9,AK
Alaska,2005,Julio,6.8,AK
Alaska,2005,Junio,6.8,AK
Alaska,2005,Mayo,6.8,AK
Alaska,2005,Abril,6.9,AK
Alaska,2005,Marzo,6.9,AK
Alaska,2005,Febrero,7.0,AK
Alaska,2005,Enero,7.1,AK
Alaska,2006,Diciembre,6.3,AK
Alaska,2006,Noviembre,6.4,AK
Alaska,2006,Octubre,6.5,AK
Alaska,2006,Septiembre,6.5,AK
Alaska,2006,Agosto,6.6,AK
Alaska,2006,Julio,6.6,AK
Alaska,2006,Junio,6.7,AK
Alaska,2006,Mayo,6.7,AK
Alaska,2006,Abril,6.7,AK
Alaska,2006,Marzo,6.8,AK
Alaska,2006,Febrero,6.9,AK
Alaska,2006,Enero,6.9,AK
Alaska,2007,Diciembre,6.2,AK
Alaska,2007,Noviembre,6.3,AK
Alaska,2007,Octubre,6.3,AK
Alaska,2007,Septiembre,6.3,AK
Alaska,2007,Agosto,6.3,AK
Alaska,2007,Julio,6.3,AK
Alaska,2007,Junio,6.3,AK
Alaska,2007,Mayo,6.2,AK
Alaska,2007,Abril,6.2,AK
Alaska,2007,Marzo,6.2,AK
Alaska,2007,Febrero,6.2,AK
Alaska,2007,Enero,6.3,AK
Alaska,2008,Diciembre,6.9,AK
Alaska,2008,Noviembre,6.7,AK
Alaska,2008,Octubre,6.6,AK
Alaska,2008,Septiembre,6.6,AK
Alaska,2008,Agosto,6.5,AK
Alaska,2008,Julio,6.5,AK
Alaska,2008,Junio,6.5,AK
Alaska,2008,Mayo,6.4,AK
Alaska,2008,Abril,6.3,AK
Alaska,2008,Marzo,6.3,AK
Alaska,2008,Febrero,6.2,AK
Alaska,2008,Enero,6.2,AK
Alaska,2009,Diciembre,8.4,AK
Alaska,2009,Noviembre,8.3,AK
Alaska,2009,Octubre,8.3,AK
Alaska,2009,Septiembre,8.2,AK
Alaska,2009,Agosto,8.2,AK
Alaska,2009,Julio,8.1,AK
Alaska,2009,Junio,8.1,AK
Alaska,2009,Mayo,8.0,AK
Alaska,2009,Abril,7.9,AK
Alaska,2009,Marzo,7.7,AK
Alaska,2009,Febrero,7.4,AK
Alaska,2009,Enero,7.2,AK
Alaska,2010,Diciembre,8.0,AK
Alaska,2010,Noviembre,8.1,AK
Alaska,2010,Octubre,8.0,AK
Alaska,2010,Septiembre,8.0,AK
Alaska,2010,Agosto,7.9,AK
Alaska,2010,Julio,7.9,AK
Alaska,2010,Junio,8.0,AK
Alaska,2010,Mayo,8.2,AK
Alaska,2010,Abril,8.3,AK
Alaska,2010,Marzo,8.4,AK
Alaska,2010,Febrero,8.4,AK
Alaska,2010,Enero,8.4,AK
Alabama,2000,Diciembre,4.7,AL
Alabama,2000,Noviembre,4.6,AL
Alabama,2000,Octubre,4.6,AL
Alabama,2000,Septiembre,4.6,AL
Alabama,2000,Agosto,4.6,AL
Alabama,2000,Julio,4.6,AL
Alabama,2000,Junio,4.6,AL
Alabama,2000,Mayo,4.6,AL
Alabama,2000,Abril,4.6,AL
Alabama,2000,Marzo,4.6,AL
Alabama,2000,Febrero,4.7,AL
Alabama,2000,Enero,4.7,AL
Alabama,2001,Diciembre,5.9,AL
Alabama,2001,Noviembre,5.8,AL
Alabama,2001,Octubre,5.6,AL
Alabama,2001,Septiembre,5.4,AL
Alabama,2001,Agosto,5.3,AL
Alabama,2001,Julio,5.1,AL
Alabama,2001,Junio,5.0,AL
Alabama,2001,Mayo,4.9,AL
Alabama,2001,Abril,4.9,AL
Alabama,2001,Marzo,4.8,AL
Alabama,2001,Febrero,4.8,AL
Alabama,2001,Enero,4.7,AL
Alabama,2002,Diciembre,5.9,AL
Alabama,2002,Noviembre,5.9,AL
Alabama,2002,Octubre,5.9,AL
Alabama,2002,Septiembre,5.9,AL
Alabama,2002,Agosto,5.9,AL
Alabama,2002,Julio,5.9,AL
Alabama,2002,Junio,5.9,AL
Alabama,2002,Mayo,5.9,AL
Alabama,2002,Abril,6.0,AL
Alabama,2002,Marzo,6.0,AL
Alabama,2002,Febrero,6.0,AL
Alabama,2002,Enero,5.9,AL
Alabama,2003,Diciembre,5.9,AL
Alabama,2003,Noviembre,5.9,AL
Alabama,2003,Octubre,6.0,AL
Alabama,2003,Septiembre,6.0,AL
Alabama,2003,Agosto,6.1,AL
Alabama,2003,Julio,6.1,AL
Alabama,2003,Junio,6.1,AL
Alabama,2003,Mayo,6.0,AL
Alabama,2003,Abril,6.0,AL
Alabama,2003,Marzo,5.9,AL
Alabama,2003,Febrero,5.9,AL
Alabama,2003,Enero,5.9,AL
Alabama,2004,Diciembre,5.1,AL
Alabama,2004,Noviembre,5.2,AL
Alabama,2004,Octubre,5.3,AL
Alabama,2004,Septiembre,5.4,AL
Alabama,2004,Agosto,5.5,AL
Alabama,2004,Julio,5.6,AL
Alabama,2004,Junio,5.7,AL
Alabama,2004,Mayo,5.7,AL
Alabama,2004,Abril,5.8,AL
Alabama,2004,Marzo,5.8,AL
Alabama,2004,Febrero,5.9,AL
Alabama,2004,Enero,5.9,AL
Alabama,2005,Diciembre,4.2,AL
Alabama,2005,Noviembre,4.2,AL
Alabama,2005,Octubre,4.2,AL
Alabama,2005,Septiembre,4.3,AL
Alabama,2005,Agosto,4.3,AL
Alabama,2005,Julio,4.3,AL
Alabama,2005,Junio,4.4,AL
Alabama,2005,Mayo,4.4,AL
Alabama,2005,Abril,4.6,AL
Alabama,2005,Marzo,4.7,AL
Alabama,2005,Febrero,4.9,AL
Alabama,2005,Enero,5.0,AL
Alabama,2006,Diciembre,3.8,AL
Alabama,2006,Noviembre,3.9,AL
Alabama,2006,Octubre,3.9,AL
Alabama,2006,Septiembre,3.9,AL
Alabama,2006,Agosto,4.0,AL
Alabama,2006,Julio,4.0,AL
Alabama,2006,Junio,4.0,AL
Alabama,2006,Mayo,4.1,AL
Alabama,2006,Abril,4.1,AL
Alabama,2006,Marzo,4.1,AL
Alabama,2006,Febrero,4.1,AL
Alabama,2006,Enero,4.1,AL
Alabama,2007,Diciembre,4.4,AL
Alabama,2007,Noviembre,4.3,AL
Alabama,2007,Octubre,4.2,AL
Alabama,2007,Septiembre,4.2,AL
Alabama,2007,Agosto,4.1,AL
Alabama,2007,Julio,4.0,AL
Alabama,2007,Junio,4.0,AL
Alabama,2007,Mayo,3.9,AL
Alabama,2007,Abril,3.9,AL
Alabama,2007,Marzo,3.9,AL
Alabama,2007,Febrero,3.8,AL
Alabama,2007,Enero,3.8,AL
Alabama,2008,Diciembre,7.8,AL
Alabama,2008,Noviembre,7.3,AL
Alabama,2008,Octubre,6.9,AL
Alabama,2008,Septiembre,6.5,AL
Alabama,2008,Agosto,6.1,AL
Alabama,2008,Julio,5.9,AL
Alabama,2008,Junio,5.6,AL
Alabama,2008,Mayo,5.3,AL
Alabama,2008,Abril,5.1,AL
Alabama,2008,Marzo,4.9,AL
Alabama,2008,Febrero,4.7,AL
Alabama,2008,Enero,4.5,AL
Alabama,2009,Diciembre,11.1,AL
Alabama,2009,Noviembre,11.0,AL
Alabama,2009,Octubre,10.9,AL
Alabama,2009,Septiembre,10.8,AL
Alabama,2009,Agosto,10.6,AL
Alabama,2009,Julio,10.4,AL
Alabama,2009,Junio,10.2,AL
Alabama,2009,Mayo,9.9,AL
Alabama,2009,Abril,9.6,AL
Alabama,2009,Marzo,9.3,AL
Alabama,2009,Febrero,8.8,AL
Alabama,2009,Enero,8.4,AL
Alabama,2010,Diciembre,10.1,AL
Alabama,2010,Noviembre,10.2,AL
Alabama,2010,Octubre,10.1,AL
Alabama,2010,Septiembre,10.1,AL
Alabama,2010,Agosto,10.0,AL
Alabama,2010,Julio,10.1,AL
Alabama,2010,Junio,10.1,AL
Alabama,2010,Mayo,10.3,AL
Alabama,2010,Abril,10.5,AL
Alabama,2010,Marzo,10.9,AL
Alabama,2010,Febrero,11.0,AL
Alabama,2010,Enero,11.1,AL
Arkansas,2000,Diciembre,4.2,AR
Arkansas,2000,Noviembre,4.2,AR
Arkansas,2000,Octubre,4.1,AR
Arkansas,2000,Septiembre,4.1,AR
Arkansas,2000,Agosto,4.1,AR
Arkansas,2000,Julio,4.1,AR
Arkansas,2000,Junio,4.1,AR
Arkansas,2000,Mayo,4.2,AR
Arkansas,2000,Abril,4.2,AR
Arkansas,2000,Marzo,4.2,AR
Arkansas,2000,Febrero,4.3,AR
Arkansas,2000,Enero,4.3,AR
Arkansas,2001,Diciembre,5.3,AR
Arkansas,2001,Noviembre,5.2,AR
Arkansas,2001,Octubre,5.1,AR
Arkansas,2001,Septiembre,5.0,AR
Arkansas,2001,Agosto,4.8,AR
Arkansas,2001,Julio,4.7,AR
Arkansas,2001,Junio,4.7,AR
Arkansas,2001,Mayo,4.6,AR
Arkansas,2001,Abril,4.5,AR
Arkansas,2001,Marzo,4.5,AR
Arkansas,2001,Febrero,4.4,AR
Arkansas,2001,Enero,4.3,AR
Arkansas,2002,Diciembre,5.4,AR
Arkansas,2002,Noviembre,5.3,AR
Arkansas,2002,Octubre,5.2,AR
Arkansas,2002,Septiembre,5.2,AR
Arkansas,2002,Agosto,5.2,AR
Arkansas,2002,Julio,5.2,AR
Arkansas,2002,Junio,5.3,AR
Arkansas,2002,Mayo,5.4,AR
Arkansas,2002,Abril,5.4,AR
Arkansas,2002,Marzo,5.5,AR
Arkansas,2002,Febrero,5.5,AR
Arkansas,2002,Enero,5.4,AR
Arkansas,2003,Diciembre,5.7,AR
Arkansas,2003,Noviembre,5.8,AR
Arkansas,2003,Octubre,5.8,AR
Arkansas,2003,Septiembre,5.9,AR
Arkansas,2003,Agosto,6.0,AR
Arkansas,2003,Julio,6.0,AR
Arkansas,2003,Junio,5.9,AR
Arkansas,2003,Mayo,5.8,AR
Arkansas,2003,Abril,5.7,AR
Arkansas,2003,Marzo,5.6,AR
Arkansas,2003,Febrero,5.5,AR
Arkansas,2003,Enero,5.4,AR
Arkansas,2004,Diciembre,5.4,AR
Arkansas,2004,Noviembre,5.5,AR
Arkansas,2004,Octubre,5.5,AR
Arkansas,2004,Septiembre,5.5,AR
Arkansas,2004,Agosto,5.5,AR
Arkansas,2004,Julio,5.5,AR
Arkansas,2004,Junio,5.6,AR
Arkansas,2004,Mayo,5.7,AR
Arkansas,2004,Abril,5.7,AR
Arkansas,2004,Marzo,5.7,AR
Arkansas,2004,Febrero,5.7,AR
Arkansas,2004,Enero,5.7,AR
Arkansas,2005,Diciembre,5.2,AR
Arkansas,2005,Noviembre,5.2,AR
Arkansas,2005,Octubre,5.3,AR
Arkansas,2005,Septiembre,5.3,AR
Arkansas,2005,Agosto,5.3,AR
Arkansas,2005,Julio,5.2,AR
Arkansas,2005,Junio,5.2,AR
Arkansas,2005,Mayo,5.2,AR
Arkansas,2005,Abril,5.2,AR
Arkansas,2005,Marzo,5.3,AR
Arkansas,2005,Febrero,5.3,AR
Arkansas,2005,Enero,5.4,AR
Arkansas,2006,Diciembre,5.3,AR
Arkansas,2006,Noviembre,5.3,AR
Arkansas,2006,Octubre,5.3,AR
Arkansas,2006,Septiembre,5.3,AR
Arkansas,2006,Agosto,5.3,AR
Arkansas,2006,Julio,5.3,AR
Arkansas,2006,Junio,5.3,AR
Arkansas,2006,Mayo,5.3,AR
Arkansas,2006,Abril,5.2,AR
Arkansas,2006,Marzo,5.2,AR
Arkansas,2006,Febrero,5.1,AR
Arkansas,2006,Enero,5.1,AR
Arkansas,2007,Diciembre,5.2,AR
Arkansas,2007,Noviembre,5.4,AR
Arkansas,2007,Octubre,5.5,AR
Arkansas,2007,Septiembre,5.5,AR
Arkansas,2007,Agosto,5.5,AR
Arkansas,2007,Julio,5.5,AR
Arkansas,2007,Junio,5.5,AR
Arkansas,2007,Mayo,5.4,AR
Arkansas,2007,Abril,5.3,AR
Arkansas,2007,Marzo,5.3,AR
Arkansas,2007,Febrero,5.3,AR
Arkansas,2007,Enero,5.3,AR
Arkansas,2008,Diciembre,6.7,AR
Arkansas,2008,Noviembre,6.3,AR
Arkansas,2008,Octubre,5.9,AR
Arkansas,2008,Septiembre,5.6,AR
Arkansas,2008,Agosto,5.4,AR
Arkansas,2008,Julio,5.3,AR
Arkansas,2008,Junio,5.1,AR
Arkansas,2008,Mayo,5.0,AR
Arkansas,2008,Abril,5.0,AR
Arkansas,2008,Marzo,4.9,AR
Arkansas,2008,Febrero,5.0,AR
Arkansas,2008,Enero,5.1,AR
Arkansas,2009,Diciembre,7.9,AR
Arkansas,2009,Noviembre,7.9,AR
Arkansas,2009,Octubre,7.8,AR
Arkansas,2009,Septiembre,7.8,AR
Arkansas,2009,Agosto,7.8,AR
Arkansas,2009,Julio,7.9,AR
Arkansas,2009,Junio,7.9,AR
Arkansas,2009,Mayo,7.9,AR
Arkansas,2009,Abril,7.8,AR
Arkansas,2009,Marzo,7.6,AR
Arkansas,2009,Febrero,7.4,AR
Arkansas,2009,Enero,7.0,AR
Arkansas,2010,Diciembre,8.0,AR
Arkansas,2010,Noviembre,8.0,AR
Arkansas,2010,Octubre,7.9,AR
Arkansas,2010,Septiembre,7.9,AR
Arkansas,2010,Agosto,7.8,AR
Arkansas,2010,Julio,7.7,AR
Arkansas,2010,Junio,7.7,AR
Arkansas,2010,Mayo,7.8,AR
Arkansas,2010,Abril,7.8,AR
Arkansas,2010,Marzo,7.9,AR
Arkansas,2010,Febrero,7.9,AR
Arkansas,2010,Enero,7.9,AR
Arizona,2000,Diciembre,4.0,AZ
Arizona,2000,Noviembre,3.9,AZ
Arizona,2000,Octubre,3.9,AZ
Arizona,2000,Septiembre,3.9,AZ
Arizona,2000,Agosto,4.0,AZ
Arizona,2000,Julio,4.0,AZ
Arizona,2000,Junio,4.0,AZ
Arizona,2000,Mayo,4.0,AZ
Arizona,2000,Abril,4.0,AZ
Arizona,2000,Marzo,4.0,AZ
Arizona,2000,Febrero,4.0,AZ
Arizona,2000,Enero,4.1,AZ
Arizona,2001,Diciembre,5.9,AZ
Arizona,2001,Noviembre,5.7,AZ
Arizona,2001,Octubre,5.4,AZ
Arizona,2001,Septiembre,5.1,AZ
Arizona,2001,Agosto,4.8,AZ
Arizona,2001,Julio,4.6,AZ
Arizona,2001,Junio,4.4,AZ
Arizona,2001,Mayo,4.3,AZ
Arizona,2001,Abril,4.2,AZ
Arizona,2001,Marzo,4.2,AZ
Arizona,2001,Febrero,4.1,AZ
Arizona,2001,Enero,4.0,AZ
Arizona,2002,Diciembre,6.0,AZ
Arizona,2002,Noviembre,6.1,AZ
Arizona,2002,Octubre,6.1,AZ
Arizona,2002,Septiembre,6.2,AZ
Arizona,2002,Agosto,6.2,AZ
Arizona,2002,Julio,6.2,AZ
Arizona,2002,Junio,6.2,AZ
Arizona,2002,Mayo,6.2,AZ
Arizona,2002,Abril,6.2,AZ
Arizona,2002,Marzo,6.2,AZ
Arizona,2002,Febrero,6.1,AZ
Arizona,2002,Enero,6.0,AZ
Arizona,2003,Diciembre,5.4,AZ
Arizona,2003,Noviembre,5.5,AZ
Arizona,2003,Octubre,5.6,AZ
Arizona,2003,Septiembre,5.7,AZ
Arizona,2003,Agosto,5.8,AZ
Arizona,2003,Julio,5.9,AZ
Arizona,2003,Junio,5.9,AZ
Arizona,2003,Mayo,5.9,AZ
Arizona,2003,Abril,5.9,AZ
Arizona,2003,Marzo,5.9,AZ
Arizona,2003,Febrero,5.9,AZ
Arizona,2003,Enero,6.0,AZ
Arizona,2004,Diciembre,4.6,AZ
Arizona,2004,Noviembre,4.6,AZ
Arizona,2004,Octubre,4.7,AZ
Arizona,2004,Septiembre,4.7,AZ
Arizona,2004,Agosto,4.8,AZ
Arizona,2004,Julio,4.9,AZ
Arizona,2004,Junio,5.0,AZ
Arizona,2004,Mayo,5.1,AZ
Arizona,2004,Abril,5.2,AZ
Arizona,2004,Marzo,5.3,AZ
Arizona,2004,Febrero,5.3,AZ
Arizona,2004,Enero,5.4,AZ
Arizona,2005,Diciembre,4.6,AZ
Arizona,2005,Noviembre,4.6,AZ
Arizona,2005,Octubre,4.7,AZ
Arizona,2005,Septiembre,4.7,AZ
Arizona,2005,Agosto,4.7,AZ
Arizona,2005,Julio,4.7,AZ
Arizona,2005,Junio,4.7,AZ
Arizona,2005,Mayo,4.7,AZ
Arizona,2005,Abril,4.7,AZ
Arizona,2005,Marzo,4.7,AZ
Arizona,2005,Febrero,4.6,AZ
Arizona,2005,Enero,4.6,AZ
Arizona,2006,Diciembre,4.0,AZ
Arizona,2006,Noviembre,4.1,AZ
Arizona,2006,Octubre,4.2,AZ
Arizona,2006,Septiembre,4.2,AZ
Arizona,2006,Agosto,4.3,AZ
Arizona,2006,Julio,4.4,AZ
Arizona,2006,Junio,4.4,AZ
Arizona,2006,Mayo,4.4,AZ
Arizona,2006,Abril,4.4,AZ
Arizona,2006,Marzo,4.4,AZ
Arizona,2006,Febrero,4.4,AZ
Arizona,2006,Enero,4.5,AZ
Arizona,2007,Diciembre,4.1,AZ
Arizona,2007,Noviembre,4.0,AZ
Arizona,2007,Octubre,3.8,AZ
Arizona,2007,Septiembre,3.7,AZ
Arizona,2007,Agosto,3.5,AZ
Arizona,2007,Julio,3.5,AZ
Arizona,2007,Junio,3.5,AZ
Arizona,2007,Mayo,3.6,AZ
Arizona,2007,Abril,3.7,AZ
Arizona,2007,Marzo,3.8,AZ
Arizona,2007,Febrero,3.9,AZ
Arizona,2007,Enero,3.9,AZ
Arizona,2008,Diciembre,7.7,AZ
Arizona,2008,Noviembre,7.3,AZ
Arizona,2008,Octubre,6.9,AZ
Arizona,2008,Septiembre,6.6,AZ
Arizona,2008,Agosto,6.2,AZ
Arizona,2008,Julio,5.9,AZ
Arizona,2008,Junio,5.5,AZ
Arizona,2008,Mayo,5.2,AZ
Arizona,2008,Abril,4.9,AZ
Arizona,2008,Marzo,4.6,AZ
Arizona,2008,Febrero,4.4,AZ
Arizona,2008,Enero,4.3,AZ
Arizona,2009,Diciembre,10.6,AZ
Arizona,2009,Noviembre,10.5,AZ
Arizona,2009,Octubre,10.4,AZ
Arizona,2009,Septiembre,10.3,AZ
Arizona,2009,Agosto,10.1,AZ
Arizona,2009,Julio,10.0,AZ
Arizona,2009,Junio,9.7,AZ
Arizona,2009,Mayo,9.5,AZ
Arizona,2009,Abril,9.2,AZ
Arizona,2009,Marzo,8.9,AZ
Arizona,2009,Febrero,8.6,AZ
Arizona,2009,Enero,8.2,AZ
Arizona,2010,Diciembre,10.0,AZ
Arizona,2010,Noviembre,10.0,AZ
Arizona,2010,Octubre,10.1,AZ
Arizona,2010,Septiembre,10.1,AZ
Arizona,2010,Agosto,10.2,AZ
Arizona,2010,Julio,10.2,AZ
Arizona,2010,Junio,10.3,AZ
Arizona,2010,Mayo,10.4,AZ
Arizona,2010,Abril,10.5,AZ
Arizona,2010,Marzo,10.6,AZ
Arizona,2010,Febrero,10.6,AZ
Arizona,2010,Enero,10.6,AZ
California,2000,Diciembre,4.8,CA
California,2000,Noviembre,4.8,CA
California,2000,Octubre,4.8,CA
California,2000,Septiembre,4.8,CA
California,2000,Agosto,4.9,CA
California,2000,Julio,5.0,CA
California,2000,Junio,5.0,CA
California,2000,Mayo,5.0,CA
California,2000,Abril,5.0,CA
California,2000,Marzo,5.0,CA
California,2000,Febrero,5.0,CA
California,2000,Enero,5.0,CA
California,2001,Diciembre,6.5,CA
California,2001,Noviembre,6.3,CA
California,2001,Octubre,6.1,CA
California,2001,Septiembre,5.9,CA
California,2001,Agosto,5.6,CA
California,2001,Julio,5.4,CA
California,2001,Junio,5.2,CA
California,2001,Mayo,5.1,CA
California,2001,Abril,5.0,CA
California,2001,Marzo,4.9,CA
California,2001,Febrero,4.8,CA
California,2001,Enero,4.8,CA
California,2002,Diciembre,6.9,CA
California,2002,Noviembre,6.8,CA
California,2002,Octubre,6.8,CA
California,2002,Septiembre,6.8,CA
California,2002,Agosto,6.7,CA
California,2002,Julio,6.8,CA
California,2002,Junio,6.8,CA
California,2002,Mayo,6.8,CA
California,2002,Abril,6.7,CA
California,2002,Marzo,6.7,CA
California,2002,Febrero,6.7,CA
California,2002,Enero,6.6,CA
California,2003,Diciembre,6.6,CA
California,2003,Noviembre,6.7,CA
California,2003,Octubre,6.8,CA
California,2003,Septiembre,6.9,CA
California,2003,Agosto,7.0,CA
California,2003,Julio,7.0,CA
California,2003,Junio,7.0,CA
California,2003,Mayo,7.0,CA
California,2003,Abril,7.0,CA
California,2003,Marzo,6.9,CA
California,2003,Febrero,6.9,CA
California,2003,Enero,6.9,CA
California,2004,Diciembre,5.8,CA
California,2004,Noviembre,5.9,CA
California,2004,Octubre,5.9,CA
California,2004,Septiembre,6.0,CA
California,2004,Agosto,6.1,CA
California,2004,Julio,6.2,CA
California,2004,Junio,6.3,CA
California,2004,Mayo,6.4,CA
California,2004,Abril,6.4,CA
California,2004,Marzo,6.5,CA
California,2004,Febrero,6.5,CA
California,2004,Enero,6.6,CA
California,2005,Diciembre,5.1,CA
California,2005,Noviembre,5.2,CA
California,2005,Octubre,5.2,CA
California,2005,Septiembre,5.2,CA
California,2005,Agosto,5.3,CA
California,2005,Julio,5.3,CA
California,2005,Junio,5.3,CA
California,2005,Mayo,5.4,CA
California,2005,Abril,5.5,CA
California,2005,Marzo,5.6,CA
California,2005,Febrero,5.7,CA
California,2005,Enero,5.8,CA
California,2006,Diciembre,4.9,CA
California,2006,Noviembre,4.9,CA
California,2006,Octubre,4.9,CA
California,2006,Septiembre,4.9,CA
California,2006,Agosto,4.9,CA
California,2006,Julio,4.9,CA
California,2006,Junio,4.9,CA
California,2006,Mayo,4.9,CA
California,2006,Abril,4.9,CA
California,2006,Marzo,4.9,CA
California,2006,Febrero,5.0,CA
California,2006,Enero,5.0,CA
California,2007,Diciembre,5.8,CA
California,2007,Noviembre,5.7,CA
California,2007,Octubre,5.7,CA
California,2007,Septiembre,5.5,CA
California,2007,Agosto,5.4,CA
California,2007,Julio,5.3,CA
California,2007,Junio,5.2,CA
California,2007,Mayo,5.1,CA
California,2007,Abril,5.1,CA
California,2007,Marzo,5.0,CA
California,2007,Febrero,5.0,CA
California,2007,Enero,4.9,CA
California,2008,Diciembre,9.3,CA
California,2008,Noviembre,8.8,CA
California,2008,Octubre,8.4,CA
California,2008,Septiembre,8.0,CA
California,2008,Agosto,7.6,CA
California,2008,Julio,7.3,CA
California,2008,Junio,7.0,CA
California,2008,Mayo,6.7,CA
California,2008,Abril,6.4,CA
California,2008,Marzo,6.2,CA
California,2008,Febrero,6.0,CA
California,2008,Enero,5.9,CA
California,2009,Diciembre,12.5,CA
California,2009,Noviembre,12.4,CA
California,2009,Octubre,12.3,CA
California,2009,Septiembre,12.1,CA
California,2009,Agosto,12.0,CA
California,2009,Julio,11.8,CA
California,2009,Junio,11.7,CA
California,2009,Mayo,11.4,CA
California,2009,Abril,11.2,CA
California,2009,Marzo,10.8,CA
California,2009,Febrero,10.4,CA
California,2009,Enero,9.9,CA
California,2010,Diciembre,12.4,CA
California,2010,Noviembre,12.4,CA
California,2010,Octubre,12.4,CA
California,2010,Septiembre,12.4,CA
California,2010,Agosto,12.4,CA
California,2010,Julio,12.3,CA
California,2010,Junio,12.4,CA
California,2010,Mayo,12.5,CA
California,2010,Abril,12.5,CA
California,2010,Marzo,12.6,CA
California,2010,Febrero,12.6,CA
California,2010,Enero,12.6,CA
Colorado,2000,Diciembre,2.7,CO
Colorado,2000,Noviembre,2.7,CO
Colorado,2000,Octubre,2.7,CO
Colorado,2000,Septiembre,2.8,CO
Colorado,2000,Agosto,2.8,CO
Colorado,2000,Julio,2.8,CO
Colorado,2000,Junio,2.8,CO
Colorado,2000,Mayo,2.7,CO
Colorado,2000,Abril,2.7,CO
Colorado,2000,Marzo,2.7,CO
Colorado,2000,Febrero,2.7,CO
Colorado,2000,Enero,2.8,CO
Colorado,2001,Diciembre,5.5,CO
Colorado,2001,Noviembre,5.2,CO
Colorado,2001,Octubre,4.8,CO
Colorado,2001,Septiembre,4.4,CO
Colorado,2001,Agosto,4.0,CO
Colorado,2001,Julio,3.7,CO
Colorado,2001,Junio,3.4,CO
Colorado,2001,Mayo,3.3,CO
Colorado,2001,Abril,3.1,CO
Colorado,2001,Marzo,2.9,CO
Colorado,2001,Febrero,2.8,CO
Colorado,2001,Enero,2.7,CO
Colorado,2002,Diciembre,5.8,CO
Colorado,2002,Noviembre,5.7,CO
Colorado,2002,Octubre,5.6,CO
Colorado,2002,Septiembre,5.6,CO
Colorado,2002,Agosto,5.6,CO
Colorado,2002,Julio,5.6,CO
Colorado,2002,Junio,5.6,CO
Colorado,2002,Mayo,5.7,CO
Colorado,2002,Abril,5.7,CO
Colorado,2002,Marzo,5.8,CO
Colorado,2002,Febrero,5.8,CO
Colorado,2002,Enero,5.7,CO
Colorado,2003,Diciembre,5.9,CO
Colorado,2003,Noviembre,6.0,CO
Colorado,2003,Octubre,6.0,CO
Colorado,2003,Septiembre,6.1,CO
Colorado,2003,Agosto,6.2,CO
Colorado,2003,Julio,6.3,CO
Colorado,2003,Junio,6.3,CO
Colorado,2003,Mayo,6.3,CO
Colorado,2003,Abril,6.2,CO
Colorado,2003,Marzo,6.1,CO
Colorado,2003,Febrero,6.0,CO
Colorado,2003,Enero,5.9,CO
Colorado,2004,Diciembre,5.4,CO
Colorado,2004,Noviembre,5.4,CO
Colorado,2004,Octubre,5.5,CO
Colorado,2004,Septiembre,5.5,CO
Colorado,2004,Agosto,5.5,CO
Colorado,2004,Julio,5.5,CO
Colorado,2004,Junio,5.5,CO
Colorado,2004,Mayo,5.6,CO
Colorado,2004,Abril,5.6,CO
Colorado,2004,Marzo,5.7,CO
Colorado,2004,Febrero,5.8,CO
Colorado,2004,Enero,5.8,CO
Colorado,2005,Diciembre,4.7,CO
Colorado,2005,Noviembre,4.8,CO
Colorado,2005,Octubre,4.9,CO
Colorado,2005,Septiembre,4.9,CO
Colorado,2005,Agosto,4.9,CO
Colorado,2005,Julio,5.0,CO
Colorado,2005,Junio,5.1,CO
Colorado,2005,Mayo,5.2,CO
Colorado,2005,Abril,5.3,CO
Colorado,2005,Marzo,5.3,CO
Colorado,2005,Febrero,5.4,CO
Colorado,2005,Enero,5.4,CO
Colorado,2006,Diciembre,3.8,CO
Colorado,2006,Noviembre,3.9,CO
Colorado,2006,Octubre,4.1,CO
Colorado,2006,Septiembre,4.2,CO
Colorado,2006,Agosto,4.3,CO
Colorado,2006,Julio,4.3,CO
Colorado,2006,Junio,4.4,CO
Colorado,2006,Mayo,4.4,CO
Colorado,2006,Abril,4.4,CO
Colorado,2006,Marzo,4.4,CO
Colorado,2006,Febrero,4.5,CO
Colorado,2006,Enero,4.6,CO
Colorado,2007,Diciembre,4.1,CO
Colorado,2007,Noviembre,4.1,CO
Colorado,2007,Octubre,4.0,CO
Colorado,2007,Septiembre,3.9,CO
Colorado,2007,Agosto,3.7,CO
Colorado,2007,Julio,3.6,CO
Colorado,2007,Junio,3.5,CO
Colorado,2007,Mayo,3.4,CO
Colorado,2007,Abril,3.4,CO
Colorado,2007,Marzo,3.5,CO
Colorado,2007,Febrero,3.5,CO
Colorado,2007,Enero,3.7,CO
Colorado,2008,Diciembre,6.1,CO
Colorado,2008,Noviembre,5.7,CO
Colorado,2008,Octubre,5.4,CO
Colorado,2008,Septiembre,5.2,CO
Colorado,2008,Agosto,5.0,CO
Colorado,2008,Julio,4.8,CO
Colorado,2008,Junio,4.7,CO
Colorado,2008,Mayo,4.5,CO
Colorado,2008,Abril,4.4,CO
Colorado,2008,Marzo,4.3,CO
Colorado,2008,Febrero,4.2,CO
Colorado,2008,Enero,4.2,CO
Colorado,2009,Diciembre,8.6,CO
Colorado,2009,Noviembre,8.4,CO
Colorado,2009,Octubre,8.3,CO
Colorado,2009,Septiembre,8.2,CO
Colorado,2009,Agosto,8.1,CO
Colorado,2009,Julio,8.1,CO
Colorado,2009,Junio,8.1,CO
Colorado,2009,Mayo,8.0,CO
Colorado,2009,Abril,7.7,CO
Colorado,2009,Marzo,7.4,CO
Colorado,2009,Febrero,7.0,CO
Colorado,2009,Enero,6.6,CO
Colorado,2010,Diciembre,9.3,CO
Colorado,2010,Noviembre,9.4,CO
Colorado,2010,Octubre,9.4,CO
Colorado,2010,Septiembre,9.3,CO
Colorado,2010,Agosto,9.2,CO
Colorado,2010,Julio,9.1,CO
Colorado,2010,Junio,9.0,CO
Colorado,2010,Mayo,9.0,CO
Colorado,2010,Abril,9.1,CO
Colorado,2010,Marzo,9.1,CO
Colorado,2010,Febrero,9.0,CO
Colorado,2010,Enero,8.8,CO
Connecticut,2000,Diciembre,2.2,CT
Connecticut,2000,Noviembre,2.1,CT
Connecticut,2000,Octubre,2.1,CT
Connecticut,2000,Septiembre,2.1,CT
Connecticut,2000,Agosto,2.0,CT
Connecticut,2000,Julio,2.0,CT
Connecticut,2000,Junio,2.1,CT
Connecticut,2000,Mayo,2.1,CT
Connecticut,2000,Abril,2.1,CT
Connecticut,2000,Marzo,2.1,CT
Connecticut,2000,Febrero,2.2,CT
Connecticut,2000,Enero,2.2,CT
Connecticut,2001,Diciembre,3.5,CT
Connecticut,2001,Noviembre,3.4,CT
Connecticut,2001,Octubre,3.3,CT
Connecticut,2001,Septiembre,3.1,CT
Connecticut,2001,Agosto,3.0,CT
Connecticut,2001,Julio,2.9,CT
Connecticut,2001,Junio,2.8,CT
Connecticut,2001,Mayo,2.7,CT
Connecticut,2001,Abril,2.6,CT
Connecticut,2001,Marzo,2.5,CT
Connecticut,2001,Febrero,2.4,CT
Connecticut,2001,Enero,2.3,CT
Connecticut,2002,Diciembre,5.1,CT
Connecticut,2002,Noviembre,5.0,CT
Connecticut,2002,Octubre,4.9,CT
Connecticut,2002,Septiembre,4.8,CT
Connecticut,2002,Agosto,4.6,CT
Connecticut,2002,Julio,4.5,CT
Connecticut,2002,Junio,4.3,CT
Connecticut,2002,Mayo,4.2,CT
Connecticut,2002,Abril,4.1,CT
Connecticut,2002,Marzo,3.9,CT
Connecticut,2002,Febrero,3.8,CT
Connecticut,2002,Enero,3.6,CT
Connecticut,2003,Diciembre,5.3,CT
Connecticut,2003,Noviembre,5.4,CT
Connecticut,2003,Octubre,5.5,CT
Connecticut,2003,Septiembre,5.5,CT
Connecticut,2003,Agosto,5.6,CT
Connecticut,2003,Julio,5.6,CT
Connecticut,2003,Junio,5.6,CT
Connecticut,2003,Mayo,5.5,CT
Connecticut,2003,Abril,5.5,CT
Connecticut,2003,Marzo,5.4,CT
Connecticut,2003,Febrero,5.3,CT
Connecticut,2003,Enero,5.2,CT
Connecticut,2004,Diciembre,4.9,CT
Connecticut,2004,Noviembre,4.9,CT
Connecticut,2004,Octubre,4.9,CT
Connecticut,2004,Septiembre,5.0,CT
Connecticut,2004,Agosto,5.0,CT
Connecticut,2004,Julio,5.1,CT
Connecticut,2004,Junio,5.1,CT
Connecticut,2004,Mayo,5.2,CT
Connecticut,2004,Abril,5.2,CT
Connecticut,2004,Marzo,5.2,CT
Connecticut,2004,Febrero,5.3,CT
Connecticut,2004,Enero,5.3,CT
Connecticut,2005,Diciembre,4.6,CT
Connecticut,2005,Noviembre,4.7,CT
Connecticut,2005,Octubre,4.7,CT
Connecticut,2005,Septiembre,4.8,CT
Connecticut,2005,Agosto,4.8,CT
Connecticut,2005,Julio,4.8,CT
Connecticut,2005,Junio,4.8,CT
Connecticut,2005,Mayo,4.8,CT
Connecticut,2005,Abril,4.9,CT
Connecticut,2005,Marzo,4.9,CT
Connecticut,2005,Febrero,4.9,CT
Connecticut,2005,Enero,4.9,CT
Connecticut,2006,Diciembre,4.3,CT
Connecticut,2006,Noviembre,4.4,CT
Connecticut,2006,Octubre,4.4,CT
Connecticut,2006,Septiembre,4.4,CT
Connecticut,2006,Agosto,4.4,CT
Connecticut,2006,Julio,4.4,CT
Connecticut,2006,Junio,4.4,CT
Connecticut,2006,Mayo,4.4,CT
Connecticut,2006,Abril,4.4,CT
Connecticut,2006,Marzo,4.5,CT
Connecticut,2006,Febrero,4.5,CT
Connecticut,2006,Enero,4.6,CT
Connecticut,2007,Diciembre,4.7,CT
Connecticut,2007,Noviembre,4.7,CT
Connecticut,2007,Octubre,4.6,CT
Connecticut,2007,Septiembre,4.6,CT
Connecticut,2007,Agosto,4.5,CT
Connecticut,2007,Julio,4.4,CT
Connecticut,2007,Junio,4.4,CT
Connecticut,2007,Mayo,4.3,CT
Connecticut,2007,Abril,4.3,CT
Connecticut,2007,Marzo,4.3,CT
Connecticut,2007,Febrero,4.3,CT
Connecticut,2007,Enero,4.3,CT
Connecticut,2008,Diciembre,6.8,CT
Connecticut,2008,Noviembre,6.5,CT
Connecticut,2008,Octubre,6.3,CT
Connecticut,2008,Septiembre,6.0,CT
Connecticut,2008,Agosto,5.9,CT
Connecticut,2008,Julio,5.7,CT
Connecticut,2008,Junio,5.5,CT
Connecticut,2008,Mayo,5.3,CT
Connecticut,2008,Abril,5.1,CT
Connecticut,2008,Marzo,5.0,CT
Connecticut,2008,Febrero,4.9,CT
Connecticut,2008,Enero,4.8,CT
Connecticut,2009,Diciembre,9.4,CT
Connecticut,2009,Noviembre,9.2,CT
Connecticut,2009,Octubre,9.0,CT
Connecticut,2009,Septiembre,8.8,CT
Connecticut,2009,Agosto,8.6,CT
Connecticut,2009,Julio,8.4,CT
Connecticut,2009,Junio,8.3,CT
Connecticut,2009,Mayo,8.1,CT
Connecticut,2009,Abril,7.9,CT
Connecticut,2009,Marzo,7.7,CT
Connecticut,2009,Febrero,7.4,CT
Connecticut,2009,Enero,7.1,CT
Connecticut,2010,Diciembre,9.5,CT
Connecticut,2010,Noviembre,9.6,CT
Connecticut,2010,Octubre,9.6,CT
Connecticut,2010,Septiembre,9.5,CT
Connecticut,2010,Agosto,9.5,CT
Connecticut,2010,Julio,9.5,CT
Connecticut,2010,Junio,9.5,CT
Connecticut,2010,Mayo,9.6,CT
Connecticut,2010,Abril,9.6,CT
Connecticut,2010,Marzo,9.7,CT
Connecticut,2010,Febrero,9.6,CT
Connecticut,2010,Enero,9.5,CT
Delaware,2000,Diciembre,3.7,DE
Delaware,2000,Noviembre,3.7,DE
Delaware,2000,Octubre,3.7,DE
Delaware,2000,Septiembre,3.7,DE
Delaware,2000,Agosto,3.7,DE
Delaware,2000,Julio,3.7,DE
Delaware,2000,Junio,3.7,DE
Delaware,2000,Mayo,3.6,DE
Delaware,2000,Abril,3.5,DE
Delaware,2000,Marzo,3.5,DE
Delaware,2000,Febrero,3.4,DE
Delaware,2000,Enero,3.4,DE
Delaware,2001,Diciembre,4.0,DE
Delaware,2001,Noviembre,3.9,DE
Delaware,2001,Octubre,3.8,DE
Delaware,2001,Septiembre,3.6,DE
Delaware,2001,Agosto,3.5,DE
Delaware,2001,Julio,3.4,DE
Delaware,2001,Junio,3.3,DE
Delaware,2001,Mayo,3.3,DE
Delaware,2001,Abril,3.4,DE
Delaware,2001,Marzo,3.5,DE
Delaware,2001,Febrero,3.6,DE
Delaware,2001,Enero,3.6,DE
Delaware,2002,Diciembre,4.3,DE
Delaware,2002,Noviembre,4.2,DE
Delaware,2002,Octubre,4.1,DE
Delaware,2002,Septiembre,4.1,DE
Delaware,2002,Agosto,4.2,DE
Delaware,2002,Julio,4.3,DE
Delaware,2002,Junio,4.3,DE
Delaware,2002,Mayo,4.4,DE
Delaware,2002,Abril,4.4,DE
Delaware,2002,Marzo,4.4,DE
Delaware,2002,Febrero,4.3,DE
Delaware,2002,Enero,4.2,DE
Delaware,2003,Diciembre,4.2,DE
Delaware,2003,Noviembre,4.3,DE
Delaware,2003,Octubre,4.4,DE
Delaware,2003,Septiembre,4.4,DE
Delaware,2003,Agosto,4.5,DE
Delaware,2003,Julio,4.6,DE
Delaware,2003,Junio,4.6,DE
Delaware,2003,Mayo,4.6,DE
Delaware,2003,Abril,4.6,DE
Delaware,2003,Marzo,4.5,DE
Delaware,2003,Febrero,4.5,DE
Delaware,2003,Enero,4.4,DE
Delaware,2004,Diciembre,4.5,DE
Delaware,2004,Noviembre,4.5,DE
Delaware,2004,Octubre,4.4,DE
Delaware,2004,Septiembre,4.4,DE
Delaware,2004,Agosto,4.4,DE
Delaware,2004,Julio,4.3,DE
Delaware,2004,Junio,4.3,DE
Delaware,2004,Mayo,4.2,DE
Delaware,2004,Abril,4.2,DE
Delaware,2004,Marzo,4.2,DE
Delaware,2004,Febrero,4.1,DE
Delaware,2004,Enero,4.1,DE
Delaware,2005,Diciembre,4.4,DE
Delaware,2005,Noviembre,4.5,DE
Delaware,2005,Octubre,4.5,DE
Delaware,2005,Septiembre,4.6,DE
Delaware,2005,Agosto,4.6,DE
Delaware,2005,Julio,4.5,DE
Delaware,2005,Junio,4.5,DE
Delaware,2005,Mayo,4.5,DE
Delaware,2005,Abril,4.5,DE
Delaware,2005,Marzo,4.5,DE
Delaware,2005,Febrero,4.5,DE
Delaware,2005,Enero,4.5,DE
Delaware,2006,Diciembre,3.6,DE
Delaware,2006,Noviembre,3.6,DE
Delaware,2006,Octubre,3.7,DE
Delaware,2006,Septiembre,3.8,DE
Delaware,2006,Agosto,3.9,DE
Delaware,2006,Julio,3.9,DE
Delaware,2006,Junio,4.0,DE
Delaware,2006,Mayo,4.0,DE
Delaware,2006,Abril,4.0,DE
Delaware,2006,Marzo,4.0,DE
Delaware,2006,Febrero,4.1,DE
Delaware,2006,Enero,4.3,DE
Delaware,2007,Diciembre,3.8,DE
Delaware,2007,Noviembre,3.7,DE
Delaware,2007,Octubre,3.7,DE
Delaware,2007,Septiembre,3.6,DE
Delaware,2007,Agosto,3.5,DE
Delaware,2007,Julio,3.5,DE
Delaware,2007,Junio,3.5,DE
Delaware,2007,Mayo,3.6,DE
Delaware,2007,Abril,3.6,DE
Delaware,2007,Marzo,3.6,DE
Delaware,2007,Febrero,3.6,DE
Delaware,2007,Enero,3.6,DE
Delaware,2008,Diciembre,6.8,DE
Delaware,2008,Noviembre,6.3,DE
Delaware,2008,Octubre,6.0,DE
Delaware,2008,Septiembre,5.6,DE
Delaware,2008,Agosto,5.3,DE
Delaware,2008,Julio,5.0,DE
Delaware,2008,Junio,4.7,DE
Delaware,2008,Mayo,4.5,DE
Delaware,2008,Abril,4.2,DE
Delaware,2008,Marzo,4.1,DE
Delaware,2008,Febrero,4.0,DE
Delaware,2008,Enero,3.9,DE
Delaware,2009,Diciembre,9.0,DE
Delaware,2009,Noviembre,8.9,DE
Delaware,2009,Octubre,8.8,DE
Delaware,2009,Septiembre,8.7,DE
Delaware,2009,Agosto,8.6,DE
Delaware,2009,Julio,8.5,DE
Delaware,2009,Junio,8.4,DE
Delaware,2009,Mayo,8.3,DE
Delaware,2009,Abril,8.2,DE
Delaware,2009,Marzo,7.9,DE
Delaware,2009,Febrero,7.6,DE
Delaware,2009,Enero,7.2,DE
Delaware,2010,Diciembre,8.2,DE
Delaware,2010,Noviembre,8.4,DE
Delaware,2010,Octubre,8.5,DE
Delaware,2010,Septiembre,8.5,DE
Delaware,2010,Agosto,8.5,DE
Delaware,2010,Julio,8.6,DE
Delaware,2010,Junio,8.6,DE
Delaware,2010,Mayo,8.7,DE
Delaware,2010,Abril,8.8,DE
Delaware,2010,Marzo,9.0,DE
Delaware,2010,Febrero,9.0,DE
Delaware,2010,Enero,9.1,DE
Florida,2000,Diciembre,3.8,FL
Florida,2000,Noviembre,3.8,FL
Florida,2000,Octubre,3.7,FL
Florida,2000,Septiembre,3.7,FL
Florida,2000,Agosto,3.8,FL
Florida,2000,Julio,3.8,FL
Florida,2000,Junio,3.8,FL
Florida,2000,Mayo,3.8,FL
Florida,2000,Abril,3.8,FL
Florida,2000,Marzo,3.7,FL
Florida,2000,Febrero,3.7,FL
Florida,2000,Enero,3.7,FL
Florida,2001,Diciembre,5.2,FL
Florida,2001,Noviembre,5.1,FL
Florida,2001,Octubre,5.0,FL
Florida,2001,Septiembre,4.6,FL
Florida,2001,Agosto,4.5,FL
Florida,2001,Julio,4.3,FL
Florida,2001,Junio,4.2,FL
Florida,2001,Mayo,4.2,FL
Florida,2001,Abril,4.1,FL
Florida,2001,Marzo,4.0,FL
Florida,2001,Febrero,4.0,FL
Florida,2001,Enero,3.9,FL
Florida,2002,Diciembre,4.7,FL
Florida,2002,Noviembre,4.8,FL
Florida,2002,Octubre,4.8,FL
Florida,2002,Septiembre,4.8,FL
Florida,2002,Agosto,4.9,FL
Florida,2002,Julio,4.9,FL
Florida,2002,Junio,5.0,FL
Florida,2002,Mayo,5.0,FL
Florida,2002,Abril,5.1,FL
Florida,2002,Marzo,5.1,FL
Florida,2002,Febrero,5.2,FL
Florida,2002,Enero,5.2,FL
Florida,2003,Diciembre,4.1,FL
Florida,2003,Noviembre,4.1,FL
Florida,2003,Octubre,4.2,FL
Florida,2003,Septiembre,4.4,FL
Florida,2003,Agosto,4.5,FL
Florida,2003,Julio,4.5,FL
Florida,2003,Junio,4.6,FL
Florida,2003,Mayo,4.6,FL
Florida,2003,Abril,4.6,FL
Florida,2003,Marzo,4.6,FL
Florida,2003,Febrero,4.7,FL
Florida,2003,Enero,4.7,FL
Florida,2004,Diciembre,3.4,FL
Florida,2004,Noviembre,3.5,FL
Florida,2004,Octubre,3.6,FL
Florida,2004,Septiembre,3.6,FL
Florida,2004,Agosto,3.7,FL
Florida,2004,Julio,3.7,FL
Florida,2004,Junio,3.8,FL
Florida,2004,Mayo,3.9,FL
Florida,2004,Abril,3.9,FL
Florida,2004,Marzo,3.9,FL
Florida,2004,Febrero,4.0,FL
Florida,2004,Enero,4.0,FL
Florida,2005,Diciembre,2.5,FL
Florida,2005,Noviembre,2.5,FL
Florida,2005,Octubre,2.6,FL
Florida,2005,Septiembre,2.6,FL
Florida,2005,Agosto,2.7,FL
Florida,2005,Julio,2.8,FL
Florida,2005,Junio,2.8,FL
Florida,2005,Mayo,3.0,FL
Florida,2005,Abril,3.1,FL
Florida,2005,Marzo,3.2,FL
Florida,2005,Febrero,3.3,FL
Florida,2005,Enero,3.4,FL
Florida,2006,Diciembre,2.6,FL
Florida,2006,Noviembre,2.6,FL
Florida,2006,Octubre,2.5,FL
Florida,2006,Septiembre,2.5,FL
Florida,2006,Agosto,2.5,FL
Florida,2006,Julio,2.5,FL
Florida,2006,Junio,2.4,FL
Florida,2006,Mayo,2.4,FL
Florida,2006,Abril,2.4,FL
Florida,2006,Marzo,2.4,FL
Florida,2006,Febrero,2.4,FL
Florida,2006,Enero,2.4,FL
Florida,2007,Diciembre,4.0,FL
Florida,2007,Noviembre,3.9,FL
Florida,2007,Octubre,3.7,FL
Florida,2007,Septiembre,3.6,FL
Florida,2007,Agosto,3.4,FL
Florida,2007,Julio,3.3,FL
Florida,2007,Junio,3.2,FL
Florida,2007,Mayo,3.1,FL
Florida,2007,Abril,3.0,FL
Florida,2007,Marzo,2.9,FL
Florida,2007,Febrero,2.8,FL
Florida,2007,Enero,2.7,FL
Florida,2008,Diciembre,7.4,FL
Florida,2008,Noviembre,7.1,FL
Florida,2008,Octubre,6.7,FL
Florida,2008,Septiembre,6.4,FL
Florida,2008,Agosto,6.1,FL
Florida,2008,Julio,5.8,FL
Florida,2008,Junio,5.5,FL
Florida,2008,Mayo,5.2,FL
Florida,2008,Abril,4.9,FL
Florida,2008,Marzo,4.6,FL
Florida,2008,Febrero,4.4,FL
Florida,2008,Enero,4.2,FL
Florida,2009,Diciembre,10.8,FL
Florida,2009,Noviembre,10.7,FL
Florida,2009,Octubre,10.5,FL
Florida,2009,Septiembre,10.3,FL
Florida,2009,Agosto,10.1,FL
Florida,2009,Julio,9.9,FL
Florida,2009,Junio,9.7,FL
Florida,2009,Mayo,9.4,FL
Florida,2009,Abril,8.8,FL
Florida,2009,Marzo,8.5,FL
Florida,2009,Febrero,8.2,FL
Florida,2009,Enero,7.8,FL
Florida,2010,Diciembre,10.7,FL
Florida,2010,Noviembre,10.8,FL
Florida,2010,Octubre,10.8,FL
Florida,2010,Septiembre,10.8,FL
Florida,2010,Agosto,10.8,FL
Florida,2010,Julio,10.8,FL
Florida,2010,Junio,10.8,FL
Florida,2010,Mayo,10.8,FL
Florida,2010,Abril,10.9,FL
Florida,2010,Marzo,10.9,FL
Florida,2010,Febrero,10.9,FL
Florida,2010,Enero,10.9,FL
Georgia,2000,Diciembre,3.4,GA
Georgia,2000,Noviembre,3.4,GA
Georgia,2000,Octubre,3.4,GA
Georgia,2000,Septiembre,3.5,GA
Georgia,2000,Agosto,3.5,GA
Georgia,2000,Julio,3.6,GA
Georgia,2000,Junio,3.6,GA
Georgia,2000,Mayo,3.6,GA
Georgia,2000,Abril,3.6,GA
Georgia,2000,Marzo,3.6,GA
Georgia,2000,Febrero,3.6,GA
Georgia,2000,Enero,3.6,GA
Georgia,2001,Diciembre,5.1,GA
Georgia,2001,Noviembre,4.9,GA
Georgia,2001,Octubre,4.7,GA
Georgia,2001,Septiembre,4.4,GA
Georgia,2001,Agosto,4.2,GA
Georgia,2001,Julio,4.0,GA
Georgia,2001,Junio,3.8,GA
Georgia,2001,Mayo,3.7,GA
Georgia,2001,Abril,3.7,GA
Georgia,2001,Marzo,3.6,GA
Georgia,2001,Febrero,3.5,GA
Georgia,2001,Enero,3.5,GA
Georgia,2002,Diciembre,5.3,GA
Georgia,2002,Noviembre,5.3,GA
Georgia,2002,Octubre,5.3,GA
Georgia,2002,Septiembre,5.3,GA
Georgia,2002,Agosto,5.3,GA
Georgia,2002,Julio,5.3,GA
Georgia,2002,Junio,5.3,GA
Georgia,2002,Mayo,5.4,GA
Georgia,2002,Abril,5.4,GA
Georgia,2002,Marzo,5.3,GA
Georgia,2002,Febrero,5.3,GA
Georgia,2002,Enero,5.2,GA
Georgia,2003,Diciembre,4.7,GA
Georgia,2003,Noviembre,4.8,GA
Georgia,2003,Octubre,4.9,GA
Georgia,2003,Septiembre,5.0,GA
Georgia,2003,Agosto,5.2,GA
Georgia,2003,Julio,5.3,GA
Georgia,2003,Junio,5.3,GA
Georgia,2003,Mayo,5.3,GA
Georgia,2003,Abril,5.3,GA
Georgia,2003,Marzo,5.3,GA
Georgia,2003,Febrero,5.3,GA
Georgia,2003,Enero,5.3,GA
Georgia,2004,Diciembre,5.6,GA
Georgia,2004,Noviembre,5.5,GA
Georgia,2004,Octubre,5.4,GA
Georgia,2004,Septiembre,5.3,GA
Georgia,2004,Agosto,5.2,GA
Georgia,2004,Julio,5.1,GA
Georgia,2004,Junio,5.0,GA
Georgia,2004,Mayo,4.9,GA
Georgia,2004,Abril,4.8,GA
Georgia,2004,Marzo,4.8,GA
Georgia,2004,Febrero,4.7,GA
Georgia,2004,Enero,4.7,GA
Georgia,2005,Diciembre,5.4,GA
Georgia,2005,Noviembre,5.5,GA
Georgia,2005,Octubre,5.6,GA
Georgia,2005,Septiembre,5.7,GA
Georgia,2005,Agosto,5.7,GA
Georgia,2005,Julio,5.7,GA
Georgia,2005,Junio,5.7,GA
Georgia,2005,Mayo,5.8,GA
Georgia,2005,Abril,5.8,GA
Georgia,2005,Marzo,5.8,GA
Georgia,2005,Febrero,5.8,GA
Georgia,2005,Enero,5.7,GA
Georgia,2006,Diciembre,4.8,GA
Georgia,2006,Noviembre,4.9,GA
Georgia,2006,Octubre,5.0,GA
Georgia,2006,Septiembre,5.0,GA
Georgia,2006,Agosto,5.1,GA
Georgia,2006,Julio,5.1,GA
Georgia,2006,Junio,5.1,GA
Georgia,2006,Mayo,5.1,GA
Georgia,2006,Abril,5.1,GA
Georgia,2006,Marzo,5.2,GA
Georgia,2006,Febrero,5.2,GA
Georgia,2006,Enero,5.3,GA
Georgia,2007,Diciembre,5.3,GA
Georgia,2007,Noviembre,5.2,GA
Georgia,2007,Octubre,5.1,GA
Georgia,2007,Septiembre,5.0,GA
Georgia,2007,Agosto,4.9,GA
Georgia,2007,Julio,4.9,GA
Georgia,2007,Junio,4.8,GA
Georgia,2007,Mayo,4.8,GA
Georgia,2007,Abril,4.7,GA
Georgia,2007,Marzo,4.7,GA
Georgia,2007,Febrero,4.7,GA
Georgia,2007,Enero,4.8,GA
Georgia,2008,Diciembre,8.8,GA
Georgia,2008,Noviembre,8.3,GA
Georgia,2008,Octubre,7.9,GA
Georgia,2008,Septiembre,7.4,GA
Georgia,2008,Agosto,6.9,GA
Georgia,2008,Julio,6.6,GA
Georgia,2008,Junio,6.4,GA
Georgia,2008,Mayo,6.2,GA
Georgia,2008,Abril,6.0,GA
Georgia,2008,Marzo,5.8,GA
Georgia,2008,Febrero,5.6,GA
Georgia,2008,Enero,5.5,GA
Georgia,2009,Diciembre,10.8,GA
Georgia,2009,Noviembre,10.9,GA
Georgia,2009,Octubre,10.9,GA
Georgia,2009,Septiembre,10.8,GA
Georgia,2009,Agosto,10.8,GA
Georgia,2009,Julio,10.7,GA
Georgia,2009,Junio,10.6,GA
Georgia,2009,Mayo,10.4,GA
Georgia,2009,Abril,10.2,GA
Georgia,2009,Marzo,10.0,GA
Georgia,2009,Febrero,9.6,GA
Georgia,2009,Enero,9.2,GA
Georgia,2010,Diciembre,10.6,GA
Georgia,2010,Noviembre,10.7,GA
Georgia,2010,Octubre,10.7,GA
Georgia,2010,Septiembre,10.6,GA
Georgia,2010,Agosto,10.6,GA
Georgia,2010,Julio,10.5,GA
Georgia,2010,Junio,10.5,GA
Georgia,2010,Mayo,10.6,GA
Georgia,2010,Abril,10.7,GA
Georgia,2010,Marzo,10.8,GA
Georgia,2010,Febrero,10.8,GA
Georgia,2010,Enero,10.8,GA
Hawái,2000,Diciembre,4.0,
Hawái,2000,Noviembre,4.0,
Hawái,2000,Octubre,4.0,
Hawái,2000,Septiembre,4.1,
Hawái,2000,Agosto,4.2,
Hawái,2000,Julio,4.2,
Hawái,2000,Junio,4.3,
Hawái,2000,Mayo,4.3,
Hawái,2000,Abril,4.4,
Hawái,2000,Marzo,4.4,
Hawái,2000,Febrero,4.5,
Hawái,2000,Enero,4.6,
Hawái,2001,Diciembre,4.7,
Hawái,2001,Noviembre,4.7,
Hawái,2001,Octubre,4.5,
Hawái,2001,Septiembre,4.3,
Hawái,2001,Agosto,4.2,
Hawái,2001,Julio,4.1,
Hawái,2001,Junio,4.1,
Hawái,2001,Mayo,4.1,
Hawái,2001,Abril,4.2,
Hawái,2001,Marzo,4.2,
Hawái,2001,Febrero,4.1,
Hawái,2001,Enero,4.1,
Hawái,2002,Diciembre,3.7,
Hawái,2002,Noviembre,3.7,
Hawái,2002,Octubre,3.7,
Hawái,2002,Septiembre,3.8,
Hawái,2002,Agosto,3.9,
Hawái,2002,Julio,3.9,
Hawái,2002,Junio,4.0,
Hawái,2002,Mayo,4.1,
Hawái,2002,Abril,4.2,
Hawái,2002,Marzo,4.4,
Hawái,2002,Febrero,4.5,
Hawái,2002,Enero,4.7,
Hawái,2003,Diciembre,3.8,
Hawái,2003,Noviembre,3.8,
Hawái,2003,Octubre,3.9,
Hawái,2003,Septiembre,4.0,
Hawái,2003,Agosto,4.1,
Hawái,2003,Julio,4.1,
Hawái,2003,Junio,4.1,
Hawái,2003,Mayo,4.0,
Hawái,2003,Abril,3.9,
Hawái,2003,Marzo,3.8,
Hawái,2003,Febrero,3.7,
Hawái,2003,Enero,3.7,
Hawái,2004,Diciembre,3.1,
Hawái,2004,Noviembre,3.1,
Hawái,2004,Octubre,3.1,
Hawái,2004,Septiembre,3.1,
Hawái,2004,Agosto,3.2,
Hawái,2004,Julio,3.2,
Hawái,2004,Junio,3.2,
Hawái,2004,Mayo,3.3,
Hawái,2004,Abril,3.4,
Hawái,2004,Marzo,3.5,
Hawái,2004,Febrero,3.6,
Hawái,2004,Enero,3.7,
Hawái,2005,Diciembre,2.7,
Hawái,2005,Noviembre,2.8,
Hawái,2005,Octubre,2.8,
Hawái,2005,Septiembre,2.8,
Hawái,2005,Agosto,2.8,
Hawái,2005,Julio,2.8,
Hawái,2005,Junio,2.7,
Hawái,2005,Mayo,2.8,
Hawái,2005,Abril,2.8,
Hawái,2005,Marzo,2.9,
Hawái,2005,Febrero,3.0,
Hawái,2005,Enero,3.0,
Hawái,2006,Diciembre,2.3,
Hawái,2006,Noviembre,2.3,
Hawái,2006,Octubre,2.3,
Hawái,2006,Septiembre,2.4,
Hawái,2006,Agosto,2.5,
Hawái,2006,Julio,2.6,
Hawái,2006,Junio,2.7,
Hawái,2006,Mayo,2.7,
Hawái,2006,Abril,2.7,
Hawái,2006,Marzo,2.7,
Hawái,2006,Febrero,2.7,
Hawái,2006,Enero,2.7,
Hawái,2007,Diciembre,3.1,
Hawái,2007,Noviembre,3.0,
Hawái,2007,Octubre,3.0,
Hawái,2007,Septiembre,2.9,
Hawái,2007,Agosto,2.8,
Hawái,2007,Julio,2.7,
Hawái,2007,Junio,2.7,
Hawái,2007,Mayo,2.6,
Hawái,2007,Abril,2.6,
Hawái,2007,Marzo,2.5,
Hawái,2007,Febrero,2.4,
Hawái,2007,Enero,2.4,
Hawái,2008,Diciembre,5.5,
Hawái,2008,Noviembre,5.1,
Hawái,2008,Octubre,4.8,
Hawái,2008,Septiembre,4.5,
Hawái,2008,Agosto,4.3,
Hawái,2008,Julio,4.0,
Hawái,2008,Junio,3.8,
Hawái,2008,Mayo,3.6,
Hawái,2008,Abril,3.4,
Hawái,2008,Marzo,3.2,
Hawái,2008,Febrero,3.1,
Hawái,2008,Enero,3.1,
Hawái,2009,Diciembre,6.9,
Hawái,2009,Noviembre,6.9,
Hawái,2009,Octubre,6.9,
Hawái,2009,Septiembre,6.9,
Hawái,2009,Agosto,6.8,
Hawái,2009,Julio,6.8,
Hawái,2009,Junio,6.8,
Hawái,2009,Mayo,6.7,
Hawái,2009,Abril,6.6,
Hawái,2009,Marzo,6.5,
Hawái,2009,Febrero,6.2,
Hawái,2009,Enero,5.9,
Hawái,2010,Diciembre,6.8,
Hawái,2010,Noviembre,6.8,
Hawái,2010,Octubre,6.8,
Hawái,2010,Septiembre,6.8,
Hawái,2010,Agosto,6.8,
Hawái,2010,Julio,6.8,
Hawái,2010,Junio,6.8,
Hawái,2010,Mayo,6.8,
Hawái,2010,Abril,6.8,
Hawái,2010,Marzo,6.9,
Hawái,2010,Febrero,6.9,
Hawái,2010,Enero,6.9,
Iowa,2000,Diciembre,3.0,IA
Iowa,2000,Noviembre,2.9,IA
Iowa,2000,Octubre,2.8,IA
Iowa,2000,Septiembre,2.8,IA
Iowa,2000,Agosto,2.7,IA
Iowa,2000,Julio,2.7,IA
Iowa,2000,Junio,2.6,IA
Iowa,2000,Mayo,2.6,IA
Iowa,2000,Abril,2.6,IA
Iowa,2000,Marzo,2.5,IA
Iowa,2000,Febrero,2.5,IA
Iowa,2000,Enero,2.5,IA
Iowa,2001,Diciembre,3.8,IA
Iowa,2001,Noviembre,3.7,IA
Iowa,2001,Octubre,3.6,IA
Iowa,2001,Septiembre,3.4,IA
Iowa,2001,Agosto,3.3,IA
Iowa,2001,Julio,3.2,IA
Iowa,2001,Junio,3.2,IA
Iowa,2001,Mayo,3.2,IA
Iowa,2001,Abril,3.2,IA
Iowa,2001,Marzo,3.2,IA
Iowa,2001,Febrero,3.1,IA
Iowa,2001,Enero,3.0,IA
Iowa,2002,Diciembre,4.1,IA
Iowa,2002,Noviembre,4.1,IA
Iowa,2002,Octubre,4.0,IA
Iowa,2002,Septiembre,4.0,IA
Iowa,2002,Agosto,4.0,IA
Iowa,2002,Julio,4.0,IA
Iowa,2002,Junio,4.0,IA
Iowa,2002,Mayo,4.0,IA
Iowa,2002,Abril,4.0,IA
Iowa,2002,Marzo,4.0,IA
Iowa,2002,Febrero,3.9,IA
Iowa,2002,Enero,3.9,IA
Iowa,2003,Diciembre,4.4,IA
Iowa,2003,Noviembre,4.4,IA
Iowa,2003,Octubre,4.4,IA
Iowa,2003,Septiembre,4.5,IA
Iowa,2003,Agosto,4.6,IA
Iowa,2003,Julio,4.6,IA
Iowa,2003,Junio,4.6,IA
Iowa,2003,Mayo,4.5,IA
Iowa,2003,Abril,4.5,IA
Iowa,2003,Marzo,4.4,IA
Iowa,2003,Febrero,4.3,IA
Iowa,2003,Enero,4.2,IA
Iowa,2004,Diciembre,4.6,IA
Iowa,2004,Noviembre,4.6,IA
Iowa,2004,Octubre,4.6,IA
Iowa,2004,Septiembre,4.6,IA
Iowa,2004,Agosto,4.6,IA
Iowa,2004,Julio,4.6,IA
Iowa,2004,Junio,4.5,IA
Iowa,2004,Mayo,4.5,IA
Iowa,2004,Abril,4.5,IA
Iowa,2004,Marzo,4.4,IA
Iowa,2004,Febrero,4.4,IA
Iowa,2004,Enero,4.4,IA
Iowa,2005,Diciembre,4.0,IA
Iowa,2005,Noviembre,4.1,IA
Iowa,2005,Octubre,4.2,IA
Iowa,2005,Septiembre,4.2,IA
Iowa,2005,Agosto,4.2,IA
Iowa,2005,Julio,4.2,IA
Iowa,2005,Junio,4.3,IA
Iowa,2005,Mayo,4.3,IA
Iowa,2005,Abril,4.4,IA
Iowa,2005,Marzo,4.5,IA
Iowa,2005,Febrero,4.5,IA
Iowa,2005,Enero,4.6,IA
Iowa,2006,Diciembre,3.7,IA
Iowa,2006,Noviembre,3.7,IA
Iowa,2006,Octubre,3.7,IA
Iowa,2006,Septiembre,3.7,IA
Iowa,2006,Agosto,3.7,IA
Iowa,2006,Julio,3.7,IA
Iowa,2006,Junio,3.6,IA
Iowa,2006,Mayo,3.6,IA
Iowa,2006,Abril,3.6,IA
Iowa,2006,Marzo,3.7,IA
Iowa,2006,Febrero,3.8,IA
Iowa,2006,Enero,3.9,IA
Iowa,2007,Diciembre,3.7,IA
Iowa,2007,Noviembre,3.7,IA
Iowa,2007,Octubre,3.8,IA
Iowa,2007,Septiembre,3.8,IA
Iowa,2007,Agosto,3.7,IA
Iowa,2007,Julio,3.7,IA
Iowa,2007,Junio,3.7,IA
Iowa,2007,Mayo,3.7,IA
Iowa,2007,Abril,3.7,IA
Iowa,2007,Marzo,3.7,IA
Iowa,2007,Febrero,3.7,IA
Iowa,2007,Enero,3.7,IA
Iowa,2008,Diciembre,5.2,IA
Iowa,2008,Noviembre,4.9,IA
Iowa,2008,Octubre,4.6,IA
Iowa,2008,Septiembre,4.4,IA
Iowa,2008,Agosto,4.2,IA
Iowa,2008,Julio,4.1,IA
Iowa,2008,Junio,4.0,IA
Iowa,2008,Mayo,3.9,IA
Iowa,2008,Abril,3.8,IA
Iowa,2008,Marzo,3.7,IA
Iowa,2008,Febrero,3.7,IA
Iowa,2008,Enero,3.7,IA
Iowa,2009,Diciembre,6.5,IA
Iowa,2009,Noviembre,6.5,IA
Iowa,2009,Octubre,6.5,IA
Iowa,2009,Septiembre,6.5,IA
Iowa,2009,Agosto,6.6,IA
Iowa,2009,Julio,6.6,IA
Iowa,2009,Junio,6.6,IA
Iowa,2009,Mayo,6.6,IA
Iowa,2009,Abril,6.5,IA
Iowa,2009,Marzo,6.3,IA
Iowa,2009,Febrero,6.0,IA
Iowa,2009,Enero,5.6,IA
Iowa,2010,Diciembre,5.9,IA
Iowa,2010,Noviembre,6.0,IA
Iowa,2010,Octubre,6.0,IA
Iowa,2010,Septiembre,6.0,IA
Iowa,2010,Agosto,6.0,IA
Iowa,2010,Julio,6.0,IA
Iowa,2010,Junio,6.0,IA
Iowa,2010,Mayo,6.1,IA
Iowa,2010,Abril,6.2,IA
Iowa,2010,Marzo,6.3,IA
Iowa,2010,Febrero,6.4,IA
Iowa,2010,Enero,6.5,IA
Idaho,2000,Diciembre,4.7,ID
Idaho,2000,Noviembre,4.7,ID
Idaho,2000,Octubre,4.7,ID
Idaho,2000,Septiembre,4.7,ID
Idaho,2000,Agosto,4.7,ID
Idaho,2000,Julio,4.7,ID
Idaho,2000,Junio,4.7,ID
Idaho,2000,Mayo,4.6,ID
Idaho,2000,Abril,4.6,ID
Idaho,2000,Marzo,4.6,ID
Idaho,2000,Febrero,4.6,ID
Idaho,2000,Enero,4.6,ID
Idaho,2001,Diciembre,5.7,ID
Idaho,2001,Noviembre,5.6,ID
Idaho,2001,Octubre,5.4,ID
Idaho,2001,Septiembre,5.3,ID
Idaho,2001,Agosto,5.1,ID
Idaho,2001,Julio,5.0,ID
Idaho,2001,Junio,5.0,ID
Idaho,2001,Mayo,4.9,ID
Idaho,2001,Abril,4.8,ID
Idaho,2001,Marzo,4.8,ID
Idaho,2001,Febrero,4.7,ID
Idaho,2001,Enero,4.7,ID
Idaho,2002,Diciembre,5.5,ID
Idaho,2002,Noviembre,5.5,ID
Idaho,2002,Octubre,5.5,ID
Idaho,2002,Septiembre,5.4,ID
Idaho,2002,Agosto,5.5,ID
Idaho,2002,Julio,5.5,ID
Idaho,2002,Junio,5.6,ID
Idaho,2002,Mayo,5.7,ID
Idaho,2002,Abril,5.8,ID
Idaho,2002,Marzo,5.8,ID
Idaho,2002,Febrero,5.8,ID
Idaho,2002,Enero,5.8,ID
Idaho,2003,Diciembre,5.2,ID
Idaho,2003,Noviembre,5.4,ID
Idaho,2003,Octubre,5.5,ID
Idaho,2003,Septiembre,5.6,ID
Idaho,2003,Agosto,5.7,ID
Idaho,2003,Julio,5.7,ID
Idaho,2003,Junio,5.7,ID
Idaho,2003,Mayo,5.7,ID
Idaho,2003,Abril,5.6,ID
Idaho,2003,Marzo,5.6,ID
Idaho,2003,Febrero,5.6,ID
Idaho,2003,Enero,5.5,ID
Idaho,2004,Diciembre,4.5,ID
Idaho,2004,Noviembre,4.6,ID
Idaho,2004,Octubre,4.7,ID
Idaho,2004,Septiembre,4.8,ID
Idaho,2004,Agosto,4.8,ID
Idaho,2004,Julio,4.9,ID
Idaho,2004,Junio,4.9,ID
Idaho,2004,Mayo,4.9,ID
Idaho,2004,Abril,5.0,ID
Idaho,2004,Marzo,5.0,ID
Idaho,2004,Febrero,5.1,ID
Idaho,2004,Enero,5.2,ID
Idaho,2005,Diciembre,3.7,ID
Idaho,2005,Noviembre,3.7,ID
Idaho,2005,Octubre,3.8,ID
Idaho,2005,Septiembre,3.9,ID
Idaho,2005,Agosto,3.9,ID
Idaho,2005,Julio,4.0,ID
Idaho,2005,Junio,4.0,ID
Idaho,2005,Mayo,4.1,ID
Idaho,2005,Abril,4.1,ID
Idaho,2005,Marzo,4.2,ID
Idaho,2005,Febrero,4.2,ID
Idaho,2005,Enero,4.3,ID
Idaho,2006,Diciembre,3.1,ID
Idaho,2006,Noviembre,3.2,ID
Idaho,2006,Octubre,3.2,ID
Idaho,2006,Septiembre,3.3,ID
Idaho,2006,Agosto,3.3,ID
Idaho,2006,Julio,3.4,ID
Idaho,2006,Junio,3.5,ID
Idaho,2006,Mayo,3.5,ID
Idaho,2006,Abril,3.6,ID
Idaho,2006,Marzo,3.6,ID
Idaho,2006,Febrero,3.7,ID
Idaho,2006,Enero,3.7,ID
Idaho,2007,Diciembre,3.2,ID
Idaho,2007,Noviembre,3.2,ID
Idaho,2007,Octubre,3.3,ID
Idaho,2007,Septiembre,3.2,ID
Idaho,2007,Agosto,3.1,ID
Idaho,2007,Julio,3.0,ID
Idaho,2007,Junio,2.9,ID
Idaho,2007,Mayo,2.8,ID
Idaho,2007,Abril,2.8,ID
Idaho,2007,Marzo,2.9,ID
Idaho,2007,Febrero,2.9,ID
Idaho,2007,Enero,3.0,ID
Idaho,2008,Diciembre,7.2,ID
Idaho,2008,Noviembre,6.7,ID
Idaho,2008,Octubre,6.3,ID
Idaho,2008,Septiembre,5.9,ID
Idaho,2008,Agosto,5.6,ID
Idaho,2008,Julio,5.4,ID
Idaho,2008,Junio,5.1,ID
Idaho,2008,Mayo,4.7,ID
Idaho,2008,Abril,4.1,ID
Idaho,2008,Marzo,3.2,ID
Idaho,2008,Febrero,3.1,ID
Idaho,2008,Enero,3.1,ID
Idaho,2009,Diciembre,9.1,ID
Idaho,2009,Noviembre,9.1,ID
Idaho,2009,Octubre,9.1,ID
Idaho,2009,Septiembre,9.1,ID
Idaho,2009,Agosto,9.1,ID
Idaho,2009,Julio,9.1,ID
Idaho,2009,Junio,9.1,ID
Idaho,2009,Mayo,8.9,ID
Idaho,2009,Abril,8.2,ID
Idaho,2009,Marzo,8.2,ID
Idaho,2009,Febrero,7.9,ID
Idaho,2009,Enero,7.6,ID
Idaho,2010,Diciembre,8.5,ID
Idaho,2010,Noviembre,8.6,ID
Idaho,2010,Octubre,8.6,ID
Idaho,2010,Septiembre,8.6,ID
Idaho,2010,Agosto,8.6,ID
Idaho,2010,Julio,8.6,ID
Idaho,2010,Junio,8.7,ID
Idaho,2010,Mayo,8.8,ID
Idaho,2010,Abril,8.9,ID
Idaho,2010,Marzo,9.0,ID
Idaho,2010,Febrero,9.1,ID
Idaho,2010,Enero,9.1,ID
Illinois,2000,Diciembre,4.8,IL
Illinois,2000,Noviembre,4.6,IL
Illinois,2000,Octubre,4.5,IL
Illinois,2000,Septiembre,4.4,IL
Illinois,2000,Agosto,4.4,IL
Illinois,2000,Julio,4.4,IL
Illinois,2000,Junio,4.4,IL
Illinois,2000,Mayo,4.4,IL
Illinois,2000,Abril,4.4,IL
Illinois,2000,Marzo,4.4,IL
Illinois,2000,Febrero,4.3,IL
Illinois,2000,Enero,4.3,IL
Illinois,2001,Diciembre,6.2,IL
Illinois,2001,Noviembre,6.0,IL
Illinois,2001,Octubre,5.8,IL
Illinois,2001,Septiembre,5.6,IL
Illinois,2001,Agosto,5.4,IL
Illinois,2001,Julio,5.3,IL
Illinois,2001,Junio,5.3,IL
Illinois,2001,Mayo,5.2,IL
Illinois,2001,Abril,5.2,IL
Illinois,2001,Marzo,5.2,IL
Illinois,2001,Febrero,5.1,IL
Illinois,2001,Enero,4.9,IL
Illinois,2002,Diciembre,6.6,IL
Illinois,2002,Noviembre,6.6,IL
Illinois,2002,Octubre,6.6,IL
Illinois,2002,Septiembre,6.6,IL
Illinois,2002,Agosto,6.6,IL
Illinois,2002,Julio,6.6,IL
Illinois,2002,Junio,6.6,IL
Illinois,2002,Mayo,6.6,IL
Illinois,2002,Abril,6.6,IL
Illinois,2002,Marzo,6.5,IL
Illinois,2002,Febrero,6.4,IL
Illinois,2002,Enero,6.3,IL
Illinois,2003,Diciembre,6.5,IL
Illinois,2003,Noviembre,6.6,IL
Illinois,2003,Octubre,6.8,IL
Illinois,2003,Septiembre,6.9,IL
Illinois,2003,Agosto,6.9,IL
Illinois,2003,Julio,6.9,IL
Illinois,2003,Junio,6.8,IL
Illinois,2003,Mayo,6.8,IL
Illinois,2003,Abril,6.7,IL
Illinois,2003,Marzo,6.6,IL
Illinois,2003,Febrero,6.6,IL
Illinois,2003,Enero,6.6,IL
Illinois,2004,Diciembre,6.0,IL
Illinois,2004,Noviembre,6.0,IL
Illinois,2004,Octubre,6.1,IL
Illinois,2004,Septiembre,6.1,IL
Illinois,2004,Agosto,6.1,IL
Illinois,2004,Julio,6.1,IL
Illinois,2004,Junio,6.2,IL
Illinois,2004,Mayo,6.2,IL
Illinois,2004,Abril,6.3,IL
Illinois,2004,Marzo,6.3,IL
Illinois,2004,Febrero,6.3,IL
Illinois,2004,Enero,6.4,IL
Illinois,2005,Diciembre,5.3,IL
Illinois,2005,Noviembre,5.4,IL
Illinois,2005,Octubre,5.5,IL
Illinois,2005,Septiembre,5.6,IL
Illinois,2005,Agosto,5.6,IL
Illinois,2005,Julio,5.7,IL
Illinois,2005,Junio,5.8,IL
Illinois,2005,Mayo,5.9,IL
Illinois,2005,Abril,5.9,IL
Illinois,2005,Marzo,5.9,IL
Illinois,2005,Febrero,6.0,IL
Illinois,2005,Enero,6.0,IL
Illinois,2006,Diciembre,4.5,IL
Illinois,2006,Noviembre,4.4,IL
Illinois,2006,Octubre,4.4,IL
Illinois,2006,Septiembre,4.4,IL
Illinois,2006,Agosto,4.4,IL
Illinois,2006,Julio,4.4,IL
Illinois,2006,Junio,4.5,IL
Illinois,2006,Mayo,4.6,IL
Illinois,2006,Abril,4.7,IL
Illinois,2006,Marzo,4.8,IL
Illinois,2006,Febrero,5.0,IL
Illinois,2006,Enero,5.1,IL
Illinois,2007,Diciembre,5.6,IL
Illinois,2007,Noviembre,5.5,IL
Illinois,2007,Octubre,5.5,IL
Illinois,2007,Septiembre,5.3,IL
Illinois,2007,Agosto,5.2,IL
Illinois,2007,Julio,5.1,IL
Illinois,2007,Junio,5.0,IL
Illinois,2007,Mayo,4.9,IL
Illinois,2007,Abril,4.8,IL
Illinois,2007,Marzo,4.7,IL
Illinois,2007,Febrero,4.6,IL
Illinois,2007,Enero,4.6,IL
Illinois,2008,Diciembre,7.9,IL
Illinois,2008,Noviembre,7.4,IL
Illinois,2008,Octubre,7.1,IL
Illinois,2008,Septiembre,6.9,IL
Illinois,2008,Agosto,6.7,IL
Illinois,2008,Julio,6.6,IL
Illinois,2008,Junio,6.4,IL
Illinois,2008,Mayo,6.1,IL
Illinois,2008,Abril,5.9,IL
Illinois,2008,Marzo,5.8,IL
Illinois,2008,Febrero,5.7,IL
Illinois,2008,Enero,5.6,IL
Illinois,2009,Diciembre,11.4,IL
Illinois,2009,Noviembre,11.2,IL
Illinois,2009,Octubre,11.0,IL
Illinois,2009,Septiembre,10.8,IL
Illinois,2009,Agosto,10.6,IL
Illinois,2009,Julio,10.4,IL
Illinois,2009,Junio,10.3,IL
Illinois,2009,Mayo,10.0,IL
Illinois,2009,Abril,9.8,IL
Illinois,2009,Marzo,9.4,IL
Illinois,2009,Febrero,8.9,IL
Illinois,2009,Enero,8.4,IL
Illinois,2010,Diciembre,9.7,IL
Illinois,2010,Noviembre,9.8,IL
Illinois,2010,Octubre,9.9,IL
Illinois,2010,Septiembre,10.0,IL
Illinois,2010,Agosto,10.1,IL
Illinois,2010,Julio,10.2,IL
Illinois,2010,Junio,10.4,IL
Illinois,2010,Mayo,10.7,IL
Illinois,2010,Abril,10.9,IL
Illinois,2010,Marzo,11.2,IL
Illinois,2010,Febrero,11.3,IL
Illinois,2010,Enero,11.4,IL
Indiana,2000,Diciembre,3.1,IN
Indiana,2000,Noviembre,3.0,IN
Indiana,2000,Octubre,2.9,IN
Indiana,2000,Septiembre,2.9,IN
Indiana,2000,Agosto,3.0,IN
Indiana,2000,Julio,3.0,IN
Indiana,2000,Junio,3.1,IN
Indiana,2000,Mayo,3.2,IN
Indiana,2000,Abril,3.1,IN
Indiana,2000,Marzo,3.1,IN
Indiana,2000,Febrero,3.1,IN
Indiana,2000,Enero,3.1,IN
Indiana,2001,Diciembre,5.3,IN
Indiana,2001,Noviembre,5.2,IN
Indiana,2001,Octubre,4.9,IN
Indiana,2001,Septiembre,4.7,IN
Indiana,2001,Agosto,4.4,IN
Indiana,2001,Julio,4.2,IN
Indiana,2001,Junio,4.0,IN
Indiana,2001,Mayo,3.9,IN
Indiana,2001,Abril,3.8,IN
Indiana,2001,Marzo,3.7,IN
Indiana,2001,Febrero,3.5,IN
Indiana,2001,Enero,3.3,IN
Indiana,2002,Diciembre,5.0,IN
Indiana,2002,Noviembre,5.0,IN
Indiana,2002,Octubre,5.0,IN
Indiana,2002,Septiembre,5.0,IN
Indiana,2002,Agosto,5.0,IN
Indiana,2002,Julio,5.1,IN
Indiana,2002,Junio,5.2,IN
Indiana,2002,Mayo,5.3,IN
Indiana,2002,Abril,5.4,IN
Indiana,2002,Marzo,5.4,IN
Indiana,2002,Febrero,5.5,IN
Indiana,2002,Enero,5.4,IN
Indiana,2003,Diciembre,5.4,IN
Indiana,2003,Noviembre,5.4,IN
Indiana,2003,Octubre,5.4,IN
Indiana,2003,Septiembre,5.4,IN
Indiana,2003,Agosto,5.5,IN
Indiana,2003,Julio,5.4,IN
Indiana,2003,Junio,5.3,IN
Indiana,2003,Mayo,5.2,IN
Indiana,2003,Abril,5.2,IN
Indiana,2003,Marzo,5.1,IN
Indiana,2003,Febrero,5.0,IN
Indiana,2003,Enero,5.0,IN
Indiana,2004,Diciembre,5.6,IN
Indiana,2004,Noviembre,5.5,IN
Indiana,2004,Octubre,5.5,IN
Indiana,2004,Septiembre,5.4,IN
Indiana,2004,Agosto,5.3,IN
Indiana,2004,Julio,5.3,IN
Indiana,2004,Junio,5.3,IN
Indiana,2004,Mayo,5.3,IN
Indiana,2004,Abril,5.4,IN
Indiana,2004,Marzo,5.4,IN
Indiana,2004,Febrero,5.5,IN
Indiana,2004,Enero,5.3,IN
Indiana,2005,Diciembre,5.2,IN
Indiana,2005,Noviembre,5.3,IN
Indiana,2005,Octubre,5.4,IN
Indiana,2005,Septiembre,5.4,IN
Indiana,2005,Agosto,5.4,IN
Indiana,2005,Julio,5.3,IN
Indiana,2005,Junio,5.3,IN
Indiana,2005,Mayo,5.3,IN
Indiana,2005,Abril,5.4,IN
Indiana,2005,Marzo,5.5,IN
Indiana,2005,Febrero,5.6,IN
Indiana,2005,Enero,5.6,IN
Indiana,2006,Diciembre,4.8,IN
Indiana,2006,Noviembre,4.9,IN
Indiana,2006,Octubre,5.0,IN
Indiana,2006,Septiembre,5.0,IN
Indiana,2006,Agosto,5.1,IN
Indiana,2006,Julio,5.1,IN
Indiana,2006,Junio,5.1,IN
Indiana,2006,Mayo,5.0,IN
Indiana,2006,Abril,5.0,IN
Indiana,2006,Marzo,4.9,IN
Indiana,2006,Febrero,5.0,IN
Indiana,2006,Enero,5.1,IN
Indiana,2007,Diciembre,4.8,IN
Indiana,2007,Noviembre,4.8,IN
Indiana,2007,Octubre,4.8,IN
Indiana,2007,Septiembre,4.7,IN
Indiana,2007,Agosto,4.6,IN
Indiana,2007,Julio,4.5,IN
Indiana,2007,Junio,4.5,IN
Indiana,2007,Mayo,4.5,IN
Indiana,2007,Abril,4.5,IN
Indiana,2007,Marzo,4.5,IN
Indiana,2007,Febrero,4.6,IN
Indiana,2007,Enero,4.7,IN
Indiana,2008,Diciembre,8.3,IN
Indiana,2008,Noviembre,7.5,IN
Indiana,2008,Octubre,6.9,IN
Indiana,2008,Septiembre,6.4,IN
Indiana,2008,Agosto,6.0,IN
Indiana,2008,Julio,5.8,IN
Indiana,2008,Junio,5.5,IN
Indiana,2008,Mayo,5.3,IN
Indiana,2008,Abril,5.1,IN
Indiana,2008,Marzo,4.9,IN
Indiana,2008,Febrero,4.8,IN
Indiana,2008,Enero,4.8,IN
Indiana,2009,Diciembre,10.6,IN
Indiana,2009,Noviembre,10.6,IN
Indiana,2009,Octubre,10.6,IN
Indiana,2009,Septiembre,10.6,IN
Indiana,2009,Agosto,10.7,IN
Indiana,2009,Julio,10.7,IN
Indiana,2009,Junio,10.8,IN
Indiana,2009,Mayo,10.8,IN
Indiana,2009,Abril,10.7,IN
Indiana,2009,Marzo,10.3,IN
Indiana,2009,Febrero,9.8,IN
Indiana,2009,Enero,9.0,IN
Indiana,2010,Diciembre,9.3,IN
Indiana,2010,Noviembre,9.5,IN
Indiana,2010,Octubre,9.7,IN
Indiana,2010,Septiembre,9.8,IN
Indiana,2010,Agosto,9.9,IN
Indiana,2010,Julio,10.0,IN
Indiana,2010,Junio,10.1,IN
Indiana,2010,Mayo,10.3,IN
Indiana,2010,Abril,10.4,IN
Indiana,2010,Marzo,10.6,IN
Indiana,2010,Febrero,10.7,IN
Indiana,2010,Enero,10.7,IN
Kansas,2000,Diciembre,4.0,KS
Kansas,2000,Noviembre,3.9,KS
Kansas,2000,Octubre,3.9,KS
Kansas,2000,Septiembre,3.8,KS
Kansas,2000,Agosto,3.8,KS
Kansas,2000,Julio,3.8,KS
Kansas,2000,Junio,3.8,KS
Kansas,2000,Mayo,3.7,KS
Kansas,2000,Abril,3.7,KS
Kansas,2000,Marzo,3.7,KS
Kansas,2000,Febrero,3.6,KS
Kansas,2000,Enero,3.6,KS
Kansas,2001,Diciembre,4.8,KS
Kansas,2001,Noviembre,4.7,KS
Kansas,2001,Octubre,4.5,KS
Kansas,2001,Septiembre,4.4,KS
Kansas,2001,Agosto,4.2,KS
Kansas,2001,Julio,4.1,KS
Kansas,2001,Junio,4.1,KS
Kansas,2001,Mayo,4.1,KS
Kansas,2001,Abril,4.1,KS
Kansas,2001,Marzo,4.1,KS
Kansas,2001,Febrero,4.1,KS
Kansas,2001,Enero,4.0,KS
Kansas,2002,Diciembre,5.1,KS
Kansas,2002,Noviembre,5.1,KS
Kansas,2002,Octubre,5.1,KS
Kansas,2002,Septiembre,5.1,KS
Kansas,2002,Agosto,5.1,KS
Kansas,2002,Julio,5.1,KS
Kansas,2002,Junio,5.1,KS
Kansas,2002,Mayo,5.1,KS
Kansas,2002,Abril,5.1,KS
Kansas,2002,Marzo,5.1,KS
Kansas,2002,Febrero,5.0,KS
Kansas,2002,Enero,5.0,KS
Kansas,2003,Diciembre,5.6,KS
Kansas,2003,Noviembre,5.7,KS
Kansas,2003,Octubre,5.7,KS
Kansas,2003,Septiembre,5.7,KS
Kansas,2003,Agosto,5.8,KS
Kansas,2003,Julio,5.8,KS
Kansas,2003,Junio,5.7,KS
Kansas,2003,Mayo,5.6,KS
Kansas,2003,Abril,5.4,KS
Kansas,2003,Marzo,5.3,KS
Kansas,2003,Febrero,5.2,KS
Kansas,2003,Enero,5.1,KS
Kansas,2004,Diciembre,5.4,KS
Kansas,2004,Noviembre,5.4,KS
Kansas,2004,Octubre,5.4,KS
Kansas,2004,Septiembre,5.4,KS
Kansas,2004,Agosto,5.5,KS
Kansas,2004,Julio,5.5,KS
Kansas,2004,Junio,5.5,KS
Kansas,2004,Mayo,5.6,KS
Kansas,2004,Abril,5.6,KS
Kansas,2004,Marzo,5.6,KS
Kansas,2004,Febrero,5.6,KS
Kansas,2004,Enero,5.6,KS
Kansas,2005,Diciembre,4.8,KS
Kansas,2005,Noviembre,4.9,KS
Kansas,2005,Octubre,4.9,KS
Kansas,2005,Septiembre,4.9,KS
Kansas,2005,Agosto,5.0,KS
Kansas,2005,Julio,5.0,KS
Kansas,2005,Junio,5.0,KS
Kansas,2005,Mayo,5.1,KS
Kansas,2005,Abril,5.2,KS
Kansas,2005,Marzo,5.3,KS
Kansas,2005,Febrero,5.3,KS
Kansas,2005,Enero,5.4,KS
Kansas,2006,Diciembre,4.3,KS
Kansas,2006,Noviembre,4.3,KS
Kansas,2006,Octubre,4.3,KS
Kansas,2006,Septiembre,4.3,KS
Kansas,2006,Agosto,4.4,KS
Kansas,2006,Julio,4.4,KS
Kansas,2006,Junio,4.4,KS
Kansas,2006,Mayo,4.4,KS
Kansas,2006,Abril,4.5,KS
Kansas,2006,Marzo,4.5,KS
Kansas,2006,Febrero,4.6,KS
Kansas,2006,Enero,4.7,KS
Kansas,2007,Diciembre,4.3,KS
Kansas,2007,Noviembre,4.3,KS
Kansas,2007,Octubre,4.3,KS
Kansas,2007,Septiembre,4.3,KS
Kansas,2007,Agosto,4.2,KS
Kansas,2007,Julio,4.2,KS
Kansas,2007,Junio,4.2,KS
Kansas,2007,Mayo,4.2,KS
Kansas,2007,Abril,4.2,KS
Kansas,2007,Marzo,4.2,KS
Kansas,2007,Febrero,4.2,KS
Kansas,2007,Enero,4.2,KS
Kansas,2008,Diciembre,5.5,KS
Kansas,2008,Noviembre,5.2,KS
Kansas,2008,Octubre,5.0,KS
Kansas,2008,Septiembre,4.8,KS
Kansas,2008,Agosto,4.7,KS
Kansas,2008,Julio,4.5,KS
Kansas,2008,Junio,4.4,KS
Kansas,2008,Mayo,4.3,KS
Kansas,2008,Abril,4.2,KS
Kansas,2008,Marzo,4.2,KS
Kansas,2008,Febrero,4.2,KS
Kansas,2008,Enero,4.3,KS
Kansas,2009,Diciembre,7.2,KS
Kansas,2009,Noviembre,7.2,KS
Kansas,2009,Octubre,7.2,KS
Kansas,2009,Septiembre,7.2,KS
Kansas,2009,Agosto,7.3,KS
Kansas,2009,Julio,7.2,KS
Kansas,2009,Junio,7.2,KS
Kansas,2009,Mayo,7.0,KS
Kansas,2009,Abril,6.8,KS
Kansas,2009,Marzo,6.5,KS
Kansas,2009,Febrero,6.1,KS
Kansas,2009,Enero,5.8,KS
Kansas,2010,Diciembre,6.8,KS
Kansas,2010,Noviembre,6.9,KS
Kansas,2010,Octubre,6.9,KS
Kansas,2010,Septiembre,6.8,KS
Kansas,2010,Agosto,6.8,KS
Kansas,2010,Julio,6.8,KS
Kansas,2010,Junio,6.8,KS
Kansas,2010,Mayo,6.9,KS
Kansas,2010,Abril,7.0,KS
Kansas,2010,Marzo,7.1,KS
Kansas,2010,Febrero,7.2,KS
Kansas,2010,Enero,7.2,KS
Kentucky,2000,Diciembre,4.4,KY
Kentucky,2000,Noviembre,4.3,KY
Kentucky,2000,Octubre,4.3,KY
Kentucky,2000,Septiembre,4.2,KY
Kentucky,2000,Agosto,4.2,KY
Kentucky,2000,Julio,4.1,KY
Kentucky,2000,Junio,4.1,KY
Kentucky,2000,Mayo,4.0,KY
Kentucky,2000,Abril,4.0,KY
Kentucky,2000,Marzo,4.0,KY
Kentucky,2000,Febrero,4.0,KY
Kentucky,2000,Enero,4.1,KY
Kentucky,2001,Diciembre,5.9,KY
Kentucky,2001,Noviembre,5.9,KY
Kentucky,2001,Octubre,5.7,KY
Kentucky,2001,Septiembre,5.6,KY
Kentucky,2001,Agosto,5.4,KY
Kentucky,2001,Julio,5.2,KY
Kentucky,2001,Junio,5.1,KY
Kentucky,2001,Mayo,4.9,KY
Kentucky,2001,Abril,4.9,KY
Kentucky,2001,Marzo,4.8,KY
Kentucky,2001,Febrero,4.6,KY
Kentucky,2001,Enero,4.5,KY
Kentucky,2002,Diciembre,5.9,KY
Kentucky,2002,Noviembre,5.9,KY
Kentucky,2002,Octubre,5.8,KY
Kentucky,2002,Septiembre,5.7,KY
Kentucky,2002,Agosto,5.7,KY
Kentucky,2002,Julio,5.7,KY
Kentucky,2002,Junio,5.7,KY
Kentucky,2002,Mayo,5.7,KY
Kentucky,2002,Abril,5.8,KY
Kentucky,2002,Marzo,5.8,KY
Kentucky,2002,Febrero,5.9,KY
Kentucky,2002,Enero,5.9,KY
Kentucky,2003,Diciembre,5.9,KY
Kentucky,2003,Noviembre,6.0,KY
Kentucky,2003,Octubre,6.1,KY
Kentucky,2003,Septiembre,6.2,KY
Kentucky,2003,Agosto,6.3,KY
Kentucky,2003,Julio,6.4,KY
Kentucky,2003,Junio,6.4,KY
Kentucky,2003,Mayo,6.4,KY
Kentucky,2003,Abril,6.3,KY
Kentucky,2003,Marzo,6.2,KY
Kentucky,2003,Febrero,6.1,KY
Kentucky,2003,Enero,6.0,KY
Kentucky,2004,Diciembre,5.4,KY
Kentucky,2004,Noviembre,5.3,KY
Kentucky,2004,Octubre,5.3,KY
Kentucky,2004,Septiembre,5.3,KY
Kentucky,2004,Agosto,5.3,KY
Kentucky,2004,Julio,5.4,KY
Kentucky,2004,Junio,5.5,KY
Kentucky,2004,Mayo,5.6,KY
Kentucky,2004,Abril,5.7,KY
Kentucky,2004,Marzo,5.7,KY
Kentucky,2004,Febrero,5.7,KY
Kentucky,2004,Enero,5.8,KY
Kentucky,2005,Diciembre,6.1,KY
Kentucky,2005,Noviembre,6.2,KY
Kentucky,2005,Octubre,6.1,KY
Kentucky,2005,Septiembre,6.1,KY
Kentucky,2005,Agosto,6.0,KY
Kentucky,2005,Julio,5.9,KY
Kentucky,2005,Junio,5.8,KY
Kentucky,2005,Mayo,5.8,KY
Kentucky,2005,Abril,5.7,KY
Kentucky,2005,Marzo,5.7,KY
Kentucky,2005,Febrero,5.6,KY
Kentucky,2005,Enero,5.5,KY
Kentucky,2006,Diciembre,5.5,KY
Kentucky,2006,Noviembre,5.6,KY
Kentucky,2006,Octubre,5.7,KY
Kentucky,2006,Septiembre,5.7,KY
Kentucky,2006,Agosto,5.7,KY
Kentucky,2006,Julio,5.7,KY
Kentucky,2006,Junio,5.7,KY
Kentucky,2006,Mayo,5.7,KY
Kentucky,2006,Abril,5.7,KY
Kentucky,2006,Marzo,5.8,KY
Kentucky,2006,Febrero,5.9,KY
Kentucky,2006,Enero,6.0,KY
Kentucky,2007,Diciembre,5.4,KY
Kentucky,2007,Noviembre,5.4,KY
Kentucky,2007,Octubre,5.4,KY
Kentucky,2007,Septiembre,5.4,KY
Kentucky,2007,Agosto,5.4,KY
Kentucky,2007,Julio,5.3,KY
Kentucky,2007,Junio,5.3,KY
Kentucky,2007,Mayo,5.3,KY
Kentucky,2007,Abril,5.3,KY
Kentucky,2007,Marzo,5.3,KY
Kentucky,2007,Febrero,5.4,KY
Kentucky,2007,Enero,5.5,KY
Kentucky,2008,Diciembre,8.7,KY
Kentucky,2008,Noviembre,8.1,KY
Kentucky,2008,Octubre,7.5,KY
Kentucky,2008,Septiembre,7.1,KY
Kentucky,2008,Agosto,6.7,KY
Kentucky,2008,Julio,6.4,KY
Kentucky,2008,Junio,6.1,KY
Kentucky,2008,Mayo,5.9,KY
Kentucky,2008,Abril,5.6,KY
Kentucky,2008,Marzo,5.5,KY
Kentucky,2008,Febrero,5.4,KY
Kentucky,2008,Enero,5.3,KY
Kentucky,2009,Diciembre,10.9,KY
Kentucky,2009,Noviembre,10.9,KY
Kentucky,2009,Octubre,10.9,KY
Kentucky,2009,Septiembre,11.0,KY
Kentucky,2009,Agosto,11.1,KY
Kentucky,2009,Julio,11.2,KY
Kentucky,2009,Junio,11.2,KY
Kentucky,2009,Mayo,11.1,KY
Kentucky,2009,Abril,10.9,KY
Kentucky,2009,Marzo,10.6,KY
Kentucky,2009,Febrero,10.0,KY
Kentucky,2009,Enero,9.4,KY
Kentucky,2010,Diciembre,9.9,KY
Kentucky,2010,Noviembre,10.0,KY
Kentucky,2010,Octubre,10.0,KY
Kentucky,2010,Septiembre,10.0,KY
Kentucky,2010,Agosto,10.0,KY
Kentucky,2010,Julio,10.0,KY
Kentucky,2010,Junio,10.1,KY
Kentucky,2010,Mayo,10.3,KY
Kentucky,2010,Abril,10.5,KY
Kentucky,2010,Marzo,10.7,KY
Kentucky,2010,Febrero,10.8,KY
Kentucky,2010,Enero,10.9,KY
Luisiana,2000,Diciembre,5.5,
Luisiana,2000,Noviembre,5.4,
Luisiana,2000,Octubre,5.4,
Luisiana,2000,Septiembre,5.3,
Luisiana,2000,Agosto,5.2,
Luisiana,2000,Julio,5.2,
Luisiana,2000,Junio,5.1,
Luisiana,2000,Mayo,5.0,
Luisiana,2000,Abril,5.0,
Luisiana,2000,Marzo,4.9,
Luisiana,2000,Febrero,4.9,
Luisiana,2000,Enero,4.9,
Luisiana,2001,Diciembre,6.1,
Luisiana,2001,Noviembre,6.1,
Luisiana,2001,Octubre,5.9,
Luisiana,2001,Septiembre,5.7,
Luisiana,2001,Agosto,5.5,
Luisiana,2001,Julio,5.4,
Luisiana,2001,Junio,5.3,
Luisiana,2001,Mayo,5.3,
Luisiana,2001,Abril,5.4,
Luisiana,2001,Marzo,5.5,
Luisiana,2001,Febrero,5.5,
Luisiana,2001,Enero,5.5,
Luisiana,2002,Diciembre,6.0,
Luisiana,2002,Noviembre,6.0,
Luisiana,2002,Octubre,5.9,
Luisiana,2002,Septiembre,5.9,
Luisiana,2002,Agosto,5.9,
Luisiana,2002,Julio,5.9,
Luisiana,2002,Junio,5.9,
Luisiana,2002,Mayo,6.0,
Luisiana,2002,Abril,6.0,
Luisiana,2002,Marzo,6.1,
Luisiana,2002,Febrero,6.1,
Luisiana,2002,Enero,6.2,
Luisiana,2003,Diciembre,5.8,
Luisiana,2003,Noviembre,5.9,
Luisiana,2003,Octubre,6.0,
Luisiana,2003,Septiembre,6.2,
Luisiana,2003,Agosto,6.4,
Luisiana,2003,Julio,6.6,
Luisiana,2003,Junio,6.7,
Luisiana,2003,Mayo,6.6,
Luisiana,2003,Abril,6.5,
Luisiana,2003,Marzo,6.4,
Luisiana,2003,Febrero,6.2,
Luisiana,2003,Enero,6.1,
Luisiana,2004,Diciembre,5.6,
Luisiana,2004,Noviembre,5.5,
Luisiana,2004,Octubre,5.5,
Luisiana,2004,Septiembre,5.5,
Luisiana,2004,Agosto,5.6,
Luisiana,2004,Julio,5.7,
Luisiana,2004,Junio,5.8,
Luisiana,2004,Mayo,5.8,
Luisiana,2004,Abril,5.9,
Luisiana,2004,Marzo,5.9,
Luisiana,2004,Febrero,5.8,
Luisiana,2004,Enero,5.8,
Luisiana,2005,Diciembre,6.4,
Luisiana,2005,Noviembre,11.3,
Luisiana,2005,Octubre,11.4,
Luisiana,2005,Septiembre,11.4,
Luisiana,2005,Agosto,5.6,
Luisiana,2005,Julio,5.5,
Luisiana,2005,Junio,5.4,
Luisiana,2005,Mayo,5.5,
Luisiana,2005,Abril,5.5,
Luisiana,2005,Marzo,5.5,
Luisiana,2005,Febrero,5.6,
Luisiana,2005,Enero,5.6,
Luisiana,2006,Diciembre,4.1,
Luisiana,2006,Noviembre,4.1,
Luisiana,2006,Octubre,4.0,
Luisiana,2006,Septiembre,4.0,
Luisiana,2006,Agosto,3.9,
Luisiana,2006,Julio,3.9,
Luisiana,2006,Junio,3.9,
Luisiana,2006,Mayo,3.9,
Luisiana,2006,Abril,4.0,
Luisiana,2006,Marzo,4.3,
Luisiana,2006,Febrero,4.6,
Luisiana,2006,Enero,4.9,
Luisiana,2007,Diciembre,4.0,
Luisiana,2007,Noviembre,3.9,
Luisiana,2007,Octubre,3.9,
Luisiana,2007,Septiembre,3.9,
Luisiana,2007,Agosto,4.0,
Luisiana,2007,Julio,4.1,
Luisiana,2007,Junio,4.2,
Luisiana,2007,Mayo,4.3,
Luisiana,2007,Abril,4.3,
Luisiana,2007,Marzo,4.2,
Luisiana,2007,Febrero,4.2,
Luisiana,2007,Enero,4.1,
Luisiana,2008,Diciembre,5.7,
Luisiana,2008,Noviembre,5.5,
Luisiana,2008,Octubre,5.2,
Luisiana,2008,Septiembre,5.0,
Luisiana,2008,Agosto,4.8,
Luisiana,2008,Julio,4.6,
Luisiana,2008,Junio,4.4,
Luisiana,2008,Mayo,4.3,
Luisiana,2008,Abril,4.2,
Luisiana,2008,Marzo,4.1,
Luisiana,2008,Febrero,4.1,
Luisiana,2008,Enero,4.1,
Luisiana,2009,Diciembre,7.1,
Luisiana,2009,Noviembre,7.0,
Luisiana,2009,Octubre,7.0,
Luisiana,2009,Septiembre,7.0,
Luisiana,2009,Agosto,7.0,
Luisiana,2009,Julio,7.0,
Luisiana,2009,Junio,7.0,
Luisiana,2009,Mayo,6.9,
Luisiana,2009,Abril,6.8,
Luisiana,2009,Marzo,6.5,
Luisiana,2009,Febrero,6.2,
Luisiana,2009,Enero,6.0,
Luisiana,2010,Diciembre,7.8,
Luisiana,2010,Noviembre,7.8,
Luisiana,2010,Octubre,7.8,
Luisiana,2010,Septiembre,7.8,
Luisiana,2010,Agosto,7.7,
Luisiana,2010,Julio,7.6,
Luisiana,2010,Junio,7.4,
Luisiana,2010,Mayo,7.4,
Luisiana,2010,Abril,7.3,
Luisiana,2010,Marzo,7.3,
Luisiana,2010,Febrero,7.2,
Luisiana,2010,Enero,7.1,
Massachusetts,2000,Diciembre,2.8,MA
Massachusetts,2000,Noviembre,2.7,MA
Massachusetts,2000,Octubre,2.7,MA
Massachusetts,2000,Septiembre,2.7,MA
Massachusetts,2000,Agosto,2.7,MA
Massachusetts,2000,Julio,2.7,MA
Massachusetts,2000,Junio,2.8,MA
Massachusetts,2000,Mayo,2.8,MA
Massachusetts,2000,Abril,2.9,MA
Massachusetts,2000,Marzo,2.9,MA
Massachusetts,2000,Febrero,3.0,MA
Massachusetts,2000,Enero,3.1,MA
Massachusetts,2001,Diciembre,4.7,MA
Massachusetts,2001,Noviembre,4.6,MA
Massachusetts,2001,Octubre,4.4,MA
Massachusetts,2001,Septiembre,4.2,MA
Massachusetts,2001,Agosto,4.0,MA
Massachusetts,2001,Julio,3.8,MA
Massachusetts,2001,Junio,3.6,MA
Massachusetts,2001,Mayo,3.5,MA
Massachusetts,2001,Abril,3.4,MA
Massachusetts,2001,Marzo,3.2,MA
Massachusetts,2001,Febrero,3.1,MA
Massachusetts,2001,Enero,2.9,MA
Massachusetts,2002,Diciembre,5.5,MA
Massachusetts,2002,Noviembre,5.5,MA
Massachusetts,2002,Octubre,5.4,MA
Massachusetts,2002,Septiembre,5.3,MA
Massachusetts,2002,Agosto,5.3,MA
Massachusetts,2002,Julio,5.2,MA
Massachusetts,2002,Junio,5.2,MA
Massachusetts,2002,Mayo,5.2,MA
Massachusetts,2002,Abril,5.1,MA
Massachusetts,2002,Marzo,5.0,MA
Massachusetts,2002,Febrero,5.0,MA
Massachusetts,2002,Enero,4.9,MA
Massachusetts,2003,Diciembre,5.5,MA
Massachusetts,2003,Noviembre,5.6,MA
Massachusetts,2003,Octubre,5.7,MA
Massachusetts,2003,Septiembre,5.8,MA
Massachusetts,2003,Agosto,5.8,MA
Massachusetts,2003,Julio,5.9,MA
Massachusetts,2003,Junio,5.9,MA
Massachusetts,2003,Mayo,5.8,MA
Massachusetts,2003,Abril,5.8,MA
Massachusetts,2003,Marzo,5.7,MA
Massachusetts,2003,Febrero,5.7,MA
Massachusetts,2003,Enero,5.6,MA
Massachusetts,2004,Diciembre,4.9,MA
Massachusetts,2004,Noviembre,4.9,MA
Massachusetts,2004,Octubre,4.9,MA
Massachusetts,2004,Septiembre,4.9,MA
Massachusetts,2004,Agosto,5.0,MA
Massachusetts,2004,Julio,5.1,MA
Massachusetts,2004,Junio,5.1,MA
Massachusetts,2004,Mayo,5.2,MA
Massachusetts,2004,Abril,5.2,MA
Massachusetts,2004,Marzo,5.3,MA
Massachusetts,2004,Febrero,5.4,MA
Massachusetts,2004,Enero,5.4,MA
Massachusetts,2005,Diciembre,4.8,MA
Massachusetts,2005,Noviembre,4.8,MA
Massachusetts,2005,Octubre,4.8,MA
Massachusetts,2005,Septiembre,4.8,MA
Massachusetts,2005,Agosto,4.8,MA
Massachusetts,2005,Julio,4.7,MA
Massachusetts,2005,Junio,4.7,MA
Massachusetts,2005,Mayo,4.8,MA
Massachusetts,2005,Abril,4.8,MA
Massachusetts,2005,Marzo,4.8,MA
Massachusetts,2005,Febrero,4.9,MA
Massachusetts,2005,Enero,4.9,MA
Massachusetts,2006,Diciembre,4.7,MA
Massachusetts,2006,Noviembre,4.7,MA
Massachusetts,2006,Octubre,4.7,MA
Massachusetts,2006,Septiembre,4.7,MA
Massachusetts,2006,Agosto,4.7,MA
Massachusetts,2006,Julio,4.7,MA
Massachusetts,2006,Junio,4.7,MA
Massachusetts,2006,Mayo,4.7,MA
Massachusetts,2006,Abril,4.7,MA
Massachusetts,2006,Marzo,4.7,MA
Massachusetts,2006,Febrero,4.7,MA
Massachusetts,2006,Enero,4.7,MA
Massachusetts,2007,Diciembre,4.5,MA
Massachusetts,2007,Noviembre,4.5,MA
Massachusetts,2007,Octubre,4.5,MA
Massachusetts,2007,Septiembre,4.5,MA
Massachusetts,2007,Agosto,4.5,MA
Massachusetts,2007,Julio,4.5,MA
Massachusetts,2007,Junio,4.5,MA
Massachusetts,2007,Mayo,4.5,MA
Massachusetts,2007,Abril,4.5,MA
Massachusetts,2007,Marzo,4.5,MA
Massachusetts,2007,Febrero,4.6,MA
Massachusetts,2007,Enero,4.6,MA
Massachusetts,2008,Diciembre,6.7,MA
Massachusetts,2008,Noviembre,6.3,MA
Massachusetts,2008,Octubre,6.0,MA
Massachusetts,2008,Septiembre,5.7,MA
Massachusetts,2008,Agosto,5.5,MA
Massachusetts,2008,Julio,5.3,MA
Massachusetts,2008,Junio,5.1,MA
Massachusetts,2008,Mayo,4.9,MA
Massachusetts,2008,Abril,4.8,MA
Massachusetts,2008,Marzo,4.6,MA
Massachusetts,2008,Febrero,4.6,MA
Massachusetts,2008,Enero,4.5,MA
Massachusetts,2009,Diciembre,8.5,MA
Massachusetts,2009,Noviembre,8.5,MA
Massachusetts,2009,Octubre,8.5,MA
Massachusetts,2009,Septiembre,8.4,MA
Massachusetts,2009,Agosto,8.4,MA
Massachusetts,2009,Julio,8.3,MA
Massachusetts,2009,Junio,8.2,MA
Massachusetts,2009,Mayo,8.1,MA
Massachusetts,2009,Abril,7.9,MA
Massachusetts,2009,Marzo,7.7,MA
Massachusetts,2009,Febrero,7.4,MA
Massachusetts,2009,Enero,7.0,MA
Massachusetts,2010,Diciembre,7.7,MA
Massachusetts,2010,Noviembre,7.8,MA
Massachusetts,2010,Octubre,7.8,MA
Massachusetts,2010,Septiembre,7.9,MA
Massachusetts,2010,Agosto,7.9,MA
Massachusetts,2010,Julio,7.9,MA
Massachusetts,2010,Junio,8.0,MA
Massachusetts,2010,Mayo,8.1,MA
Massachusetts,2010,Abril,8.3,MA
Massachusetts,2010,Marzo,8.4,MA
Massachusetts,2010,Febrero,8.4,MA
Massachusetts,2010,Enero,8.5,MA
Maryland,2000,Diciembre,3.6,MD
Maryland,2000,Noviembre,3.6,MD
Maryland,2000,Octubre,3.6,MD
Maryland,2000,Septiembre,3.6,MD
Maryland,2000,Agosto,3.6,MD
Maryland,2000,Julio,3.6,MD
Maryland,2000,Junio,3.6,MD
Maryland,2000,Mayo,3.5,MD
Maryland,2000,Abril,3.5,MD
Maryland,2000,Marzo,3.4,MD
Maryland,2000,Febrero,3.3,MD
Maryland,2000,Enero,3.3,MD
Maryland,2001,Diciembre,5.0,MD
Maryland,2001,Noviembre,4.9,MD
Maryland,2001,Octubre,4.7,MD
Maryland,2001,Septiembre,4.6,MD
Maryland,2001,Agosto,4.4,MD
Maryland,2001,Julio,4.2,MD
Maryland,2001,Junio,4.0,MD
Maryland,2001,Mayo,3.9,MD
Maryland,2001,Abril,3.8,MD
Maryland,2001,Marzo,3.7,MD
Maryland,2001,Febrero,3.7,MD
Maryland,2001,Enero,3.6,MD
Maryland,2002,Diciembre,4.6,MD
Maryland,2002,Noviembre,4.6,MD
Maryland,2002,Octubre,4.6,MD
Maryland,2002,Septiembre,4.6,MD
Maryland,2002,Agosto,4.6,MD
Maryland,2002,Julio,4.7,MD
Maryland,2002,Junio,4.8,MD
Maryland,2002,Mayo,4.9,MD
Maryland,2002,Abril,4.9,MD
Maryland,2002,Marzo,5.0,MD
Maryland,2002,Febrero,5.0,MD
Maryland,2002,Enero,5.0,MD
Maryland,2003,Diciembre,4.7,MD
Maryland,2003,Noviembre,4.7,MD
Maryland,2003,Octubre,4.7,MD
Maryland,2003,Septiembre,4.8,MD
Maryland,2003,Agosto,4.8,MD
Maryland,2003,Julio,4.9,MD
Maryland,2003,Junio,4.9,MD
Maryland,2003,Mayo,4.9,MD
Maryland,2003,Abril,4.9,MD
Maryland,2003,Marzo,4.8,MD
Maryland,2003,Febrero,4.8,MD
Maryland,2003,Enero,4.7,MD
Maryland,2004,Diciembre,4.7,MD
Maryland,2004,Noviembre,4.7,MD
Maryland,2004,Octubre,4.6,MD
Maryland,2004,Septiembre,4.6,MD
Maryland,2004,Agosto,4.6,MD
Maryland,2004,Julio,4.6,MD
Maryland,2004,Junio,4.6,MD
Maryland,2004,Mayo,4.6,MD
Maryland,2004,Abril,4.6,MD
Maryland,2004,Marzo,4.6,MD
Maryland,2004,Febrero,4.6,MD
Maryland,2004,Enero,4.6,MD
Maryland,2005,Diciembre,4.1,MD
Maryland,2005,Noviembre,4.2,MD
Maryland,2005,Octubre,4.3,MD
Maryland,2005,Septiembre,4.4,MD
Maryland,2005,Agosto,4.4,MD
Maryland,2005,Julio,4.4,MD
Maryland,2005,Junio,4.5,MD
Maryland,2005,Mayo,4.6,MD
Maryland,2005,Abril,4.7,MD
Maryland,2005,Marzo,4.7,MD
Maryland,2005,Febrero,4.7,MD
Maryland,2005,Enero,4.7,MD
Maryland,2006,Diciembre,4.1,MD
Maryland,2006,Noviembre,4.2,MD
Maryland,2006,Octubre,4.2,MD
Maryland,2006,Septiembre,4.3,MD
Maryland,2006,Agosto,4.3,MD
Maryland,2006,Julio,4.3,MD
Maryland,2006,Junio,4.3,MD
Maryland,2006,Mayo,4.2,MD
Maryland,2006,Abril,4.1,MD
Maryland,2006,Marzo,4.0,MD
Maryland,2006,Febrero,4.0,MD
Maryland,2006,Enero,4.1,MD
Maryland,2007,Diciembre,3.6,MD
Maryland,2007,Noviembre,3.6,MD
Maryland,2007,Octubre,3.7,MD
Maryland,2007,Septiembre,3.7,MD
Maryland,2007,Agosto,3.7,MD
Maryland,2007,Julio,3.7,MD
Maryland,2007,Junio,3.7,MD
Maryland,2007,Mayo,3.7,MD
Maryland,2007,Abril,3.7,MD
Maryland,2007,Marzo,3.8,MD
Maryland,2007,Febrero,3.9,MD
Maryland,2007,Enero,4.0,MD
Maryland,2008,Diciembre,6.2,MD
Maryland,2008,Noviembre,5.7,MD
Maryland,2008,Octubre,5.3,MD
Maryland,2008,Septiembre,5.0,MD
Maryland,2008,Agosto,4.7,MD
Maryland,2008,Julio,4.5,MD
Maryland,2008,Junio,4.2,MD
Maryland,2008,Mayo,4.0,MD
Maryland,2008,Abril,3.8,MD
Maryland,2008,Marzo,3.7,MD
Maryland,2008,Febrero,3.6,MD
Maryland,2008,Enero,3.6,MD
Maryland,2009,Diciembre,8.0,MD
Maryland,2009,Noviembre,7.9,MD
Maryland,2009,Octubre,7.8,MD
Maryland,2009,Septiembre,7.8,MD
Maryland,2009,Agosto,7.7,MD
Maryland,2009,Julio,7.7,MD
Maryland,2009,Junio,7.7,MD
Maryland,2009,Mayo,7.6,MD
Maryland,2009,Abril,7.5,MD
Maryland,2009,Marzo,7.3,MD
Maryland,2009,Febrero,7.0,MD
Maryland,2009,Enero,6.6,MD
Maryland,2010,Diciembre,7.6,MD
Maryland,2010,Noviembre,7.7,MD
Maryland,2010,Octubre,7.7,MD
Maryland,2010,Septiembre,7.7,MD
Maryland,2010,Agosto,7.7,MD
Maryland,2010,Julio,7.7,MD
Maryland,2010,Junio,7.8,MD
Maryland,2010,Mayo,7.9,MD
Maryland,2010,Abril,7.9,MD
Maryland,2010,Marzo,8.0,MD
Maryland,2010,Febrero,8.1,MD
Maryland,2010,Enero,8.1,MD
Maine,2000,Diciembre,3.2,ME
Maine,2000,Noviembre,3.2,ME
Maine,2000,Octubre,3.2,ME
Maine,2000,Septiembre,3.2,ME
Maine,2000,Agosto,3.2,ME
Maine,2000,Julio,3.2,ME
Maine,2000,Junio,3.3,ME
Maine,2000,Mayo,3.3,ME
Maine,2000,Abril,3.4,ME
Maine,2000,Marzo,3.5,ME
Maine,2000,Febrero,3.6,ME
Maine,2000,Enero,3.7,ME
Maine,2001,Diciembre,4.2,ME
Maine,2001,Noviembre,4.1,ME
Maine,2001,Octubre,4.1,ME
Maine,2001,Septiembre,4.0,ME
Maine,2001,Agosto,3.9,ME
Maine,2001,Julio,3.8,ME
Maine,2001,Junio,3.7,ME
Maine,2001,Mayo,3.7,ME
Maine,2001,Abril,3.6,ME
Maine,2001,Marzo,3.4,ME
Maine,2001,Febrero,3.3,ME
Maine,2001,Enero,3.2,ME
Maine,2002,Diciembre,4.9,ME
Maine,2002,Noviembre,4.7,ME
Maine,2002,Octubre,4.6,ME
Maine,2002,Septiembre,4.5,ME
Maine,2002,Agosto,4.5,ME
Maine,2002,Julio,4.4,ME
Maine,2002,Junio,4.4,ME
Maine,2002,Mayo,4.4,ME
Maine,2002,Abril,4.3,ME
Maine,2002,Marzo,4.3,ME
Maine,2002,Febrero,4.3,ME
Maine,2002,Enero,4.2,ME
Maine,2003,Diciembre,4.9,ME
Maine,2003,Noviembre,5.0,ME
Maine,2003,Octubre,5.1,ME
Maine,2003,Septiembre,5.2,ME
Maine,2003,Agosto,5.2,ME
Maine,2003,Julio,5.3,ME
Maine,2003,Junio,5.3,ME
Maine,2003,Mayo,5.3,ME
Maine,2003,Abril,5.2,ME
Maine,2003,Marzo,5.2,ME
Maine,2003,Febrero,5.1,ME
Maine,2003,Enero,5.0,ME
Maine,2004,Diciembre,4.7,ME
Maine,2004,Noviembre,4.7,ME
Maine,2004,Octubre,4.6,ME
Maine,2004,Septiembre,4.6,ME
Maine,2004,Agosto,4.6,ME
Maine,2004,Julio,4.6,ME
Maine,2004,Junio,4.6,ME
Maine,2004,Mayo,4.6,ME
Maine,2004,Abril,4.6,ME
Maine,2004,Marzo,4.7,ME
Maine,2004,Febrero,4.8,ME
Maine,2004,Enero,4.8,ME
Maine,2005,Diciembre,4.8,ME
Maine,2005,Noviembre,4.9,ME
Maine,2005,Octubre,4.9,ME
Maine,2005,Septiembre,5.0,ME
Maine,2005,Agosto,4.9,ME
Maine,2005,Julio,4.9,ME
Maine,2005,Junio,4.9,ME
Maine,2005,Mayo,4.9,ME
Maine,2005,Abril,4.9,ME
Maine,2005,Marzo,4.9,ME
Maine,2005,Febrero,4.9,ME
Maine,2005,Enero,4.8,ME
Maine,2006,Diciembre,4.7,ME
Maine,2006,Noviembre,4.8,ME
Maine,2006,Octubre,4.8,ME
Maine,2006,Septiembre,4.9,ME
Maine,2006,Agosto,4.8,ME
Maine,2006,Julio,4.8,ME
Maine,2006,Junio,4.7,ME
Maine,2006,Mayo,4.6,ME
Maine,2006,Abril,4.6,ME
Maine,2006,Marzo,4.6,ME
Maine,2006,Febrero,4.6,ME
Maine,2006,Enero,4.7,ME
Maine,2007,Diciembre,4.7,ME
Maine,2007,Noviembre,4.8,ME
Maine,2007,Octubre,4.8,ME
Maine,2007,Septiembre,4.8,ME
Maine,2007,Agosto,4.8,ME
Maine,2007,Julio,4.7,ME
Maine,2007,Junio,4.7,ME
Maine,2007,Mayo,4.6,ME
Maine,2007,Abril,4.6,ME
Maine,2007,Marzo,4.6,ME
Maine,2007,Febrero,4.6,ME
Maine,2007,Enero,4.6,ME
Maine,2008,Diciembre,7.0,ME
Maine,2008,Noviembre,6.5,ME
Maine,2008,Octubre,6.1,ME
Maine,2008,Septiembre,5.7,ME
Maine,2008,Agosto,5.5,ME
Maine,2008,Julio,5.3,ME
Maine,2008,Junio,5.1,ME
Maine,2008,Mayo,4.9,ME
Maine,2008,Abril,4.8,ME
Maine,2008,Marzo,4.7,ME
Maine,2008,Febrero,4.6,ME
Maine,2008,Enero,4.6,ME
Maine,2009,Diciembre,8.7,ME
Maine,2009,Noviembre,8.6,ME
Maine,2009,Octubre,8.6,ME
Maine,2009,Septiembre,8.5,ME
Maine,2009,Agosto,8.5,ME
Maine,2009,Julio,8.5,ME
Maine,2009,Junio,8.6,ME
Maine,2009,Mayo,8.5,ME
Maine,2009,Abril,8.5,ME
Maine,2009,Marzo,8.3,ME
Maine,2009,Febrero,7.9,ME
Maine,2009,Enero,7.5,ME
Maine,2010,Diciembre,8.1,ME
Maine,2010,Noviembre,8.2,ME
Maine,2010,Octubre,8.3,ME
Maine,2010,Septiembre,8.3,ME
Maine,2010,Agosto,8.3,ME
Maine,2010,Julio,8.3,ME
Maine,2010,Junio,8.3,ME
Maine,2010,Mayo,8.5,ME
Maine,2010,Abril,8.6,ME
Maine,2010,Marzo,8.7,ME
Maine,2010,Febrero,8.7,ME
Maine,2010,Enero,8.7,ME
Míchigan,2000,Diciembre,4.2,
Míchigan,2000,Noviembre,4.1,
Míchigan,2000,Octubre,4.0,
Míchigan,2000,Septiembre,3.9,
Míchigan,2000,Agosto,3.9,
Míchigan,2000,Julio,3.8,
Míchigan,2000,Junio,3.7,
Míchigan,2000,Mayo,3.5,
Míchigan,2000,Abril,3.4,
Míchigan,2000,Marzo,3.3,
Míchigan,2000,Febrero,3.2,
Míchigan,2000,Enero,3.3,
Míchigan,2001,Diciembre,6.2,
Míchigan,2001,Noviembre,6.0,
Míchigan,2001,Octubre,5.8,
Míchigan,2001,Septiembre,5.5,
Míchigan,2001,Agosto,5.2,
Míchigan,2001,Julio,5.0,
Míchigan,2001,Junio,4.9,
Míchigan,2001,Mayo,4.8,
Míchigan,2001,Abril,4.8,
Míchigan,2001,Marzo,4.7,
Míchigan,2001,Febrero,4.6,
Míchigan,2001,Enero,4.4,
Míchigan,2002,Diciembre,6.3,
Míchigan,2002,Noviembre,6.2,
Míchigan,2002,Octubre,6.0,
Míchigan,2002,Septiembre,6.0,
Míchigan,2002,Agosto,6.0,
Míchigan,2002,Julio,6.1,
Míchigan,2002,Junio,6.2,
Míchigan,2002,Mayo,6.3,
Míchigan,2002,Abril,6.3,
Míchigan,2002,Marzo,6.3,
Míchigan,2002,Febrero,6.3,
Míchigan,2002,Enero,6.3,
Míchigan,2003,Diciembre,6.8,
Míchigan,2003,Noviembre,6.9,
Míchigan,2003,Octubre,7.1,
Míchigan,2003,Septiembre,7.3,
Míchigan,2003,Agosto,7.4,
Míchigan,2003,Julio,7.4,
Míchigan,2003,Junio,7.4,
Míchigan,2003,Mayo,7.3,
Míchigan,2003,Abril,7.2,
Míchigan,2003,Marzo,7.0,
Míchigan,2003,Febrero,6.8,
Míchigan,2003,Enero,6.5,
Míchigan,2004,Diciembre,7.2,
Míchigan,2004,Noviembre,7.2,
Míchigan,2004,Octubre,7.2,
Míchigan,2004,Septiembre,7.1,
Míchigan,2004,Agosto,7.0,
Míchigan,2004,Julio,7.0,
Míchigan,2004,Junio,6.9,
Míchigan,2004,Mayo,6.9,
Míchigan,2004,Abril,6.8,
Míchigan,2004,Marzo,6.7,
Míchigan,2004,Febrero,6.7,
Míchigan,2004,Enero,6.7,
Míchigan,2005,Diciembre,6.7,
Míchigan,2005,Noviembre,6.7,
Míchigan,2005,Octubre,6.6,
Míchigan,2005,Septiembre,6.6,
Míchigan,2005,Agosto,6.6,
Míchigan,2005,Julio,6.6,
Míchigan,2005,Junio,6.7,
Míchigan,2005,Mayo,6.8,
Míchigan,2005,Abril,6.9,
Míchigan,2005,Marzo,7.0,
Míchigan,2005,Febrero,7.1,
Míchigan,2005,Enero,7.2,
Míchigan,2006,Diciembre,7.0,
Míchigan,2006,Noviembre,7.1,
Míchigan,2006,Octubre,7.2,
Míchigan,2006,Septiembre,7.2,
Míchigan,2006,Agosto,7.1,
Míchigan,2006,Julio,7.1,
Míchigan,2006,Junio,7.1,
Míchigan,2006,Mayo,7.0,
Míchigan,2006,Abril,7.0,
Míchigan,2006,Marzo,6.9,
Míchigan,2006,Febrero,6.9,
Míchigan,2006,Enero,6.8,
Míchigan,2007,Diciembre,7.2,
Míchigan,2007,Noviembre,7.3,
Míchigan,2007,Octubre,7.3,
Míchigan,2007,Septiembre,7.3,
Míchigan,2007,Agosto,7.2,
Míchigan,2007,Julio,7.1,
Míchigan,2007,Junio,7.0,
Míchigan,2007,Mayo,6.9,
Míchigan,2007,Abril,6.9,
Míchigan,2007,Marzo,6.9,
Míchigan,2007,Febrero,6.9,
Míchigan,2007,Enero,7.0,
Míchigan,2008,Diciembre,10.1,
Míchigan,2008,Noviembre,9.6,
Míchigan,2008,Octubre,9.1,
Míchigan,2008,Septiembre,8.7,
Míchigan,2008,Agosto,8.4,
Míchigan,2008,Julio,8.1,
Míchigan,2008,Junio,7.9,
Míchigan,2008,Mayo,7.6,
Míchigan,2008,Abril,7.4,
Míchigan,2008,Marzo,7.3,
Míchigan,2008,Febrero,7.2,
Míchigan,2008,Enero,7.2,
Míchigan,2009,Diciembre,13.3,
Míchigan,2009,Noviembre,13.4,
Míchigan,2009,Octubre,13.5,
Míchigan,2009,Septiembre,13.7,
Míchigan,2009,Agosto,13.8,
Míchigan,2009,Julio,14.0,
Míchigan,2009,Junio,14.0,
Míchigan,2009,Mayo,13.6,
Míchigan,2009,Abril,13.1,
Míchigan,2009,Marzo,12.5,
Míchigan,2009,Febrero,11.8,
Míchigan,2009,Enero,10.9,
Míchigan,2010,Diciembre,10.8,
Míchigan,2010,Noviembre,11.2,
Míchigan,2010,Octubre,11.5,
Míchigan,2010,Septiembre,11.7,
Míchigan,2010,Agosto,12.0,
Míchigan,2010,Julio,12.3,
Míchigan,2010,Junio,12.4,
Míchigan,2010,Mayo,12.5,
Míchigan,2010,Abril,12.7,
Míchigan,2010,Marzo,12.9,
Míchigan,2010,Febrero,13.1,
Míchigan,2010,Enero,13.2,
Minnesota,2000,Diciembre,3.2,MN
Minnesota,2000,Noviembre,3.2,MN
Minnesota,2000,Octubre,3.2,MN
Minnesota,2000,Septiembre,3.2,MN
Minnesota,2000,Agosto,3.1,MN
Minnesota,2000,Julio,3.0,MN
Minnesota,2000,Junio,3.0,MN
Minnesota,2000,Mayo,2.9,MN
Minnesota,2000,Abril,2.9,MN
Minnesota,2000,Marzo,2.9,MN
Minnesota,2000,Febrero,2.9,MN
Minnesota,2000,Enero,2.9,MN
Minnesota,2001,Diciembre,4.4,MN
Minnesota,2001,Noviembre,4.3,MN
Minnesota,2001,Octubre,4.1,MN
Minnesota,2001,Septiembre,4.0,MN
Minnesota,2001,Agosto,3.9,MN
Minnesota,2001,Julio,3.8,MN
Minnesota,2001,Junio,3.7,MN
Minnesota,2001,Mayo,3.6,MN
Minnesota,2001,Abril,3.5,MN
Minnesota,2001,Marzo,3.4,MN
Minnesota,2001,Febrero,3.3,MN
Minnesota,2001,Enero,3.3,MN
Minnesota,2002,Diciembre,4.4,MN
Minnesota,2002,Noviembre,4.4,MN
Minnesota,2002,Octubre,4.3,MN
Minnesota,2002,Septiembre,4.3,MN
Minnesota,2002,Agosto,4.3,MN
Minnesota,2002,Julio,4.4,MN
Minnesota,2002,Junio,4.5,MN
Minnesota,2002,Mayo,4.6,MN
Minnesota,2002,Abril,4.6,MN
Minnesota,2002,Marzo,4.6,MN
Minnesota,2002,Febrero,4.6,MN
Minnesota,2002,Enero,4.6,MN
Minnesota,2003,Diciembre,4.8,MN
Minnesota,2003,Noviembre,4.9,MN
Minnesota,2003,Octubre,4.9,MN
Minnesota,2003,Septiembre,4.9,MN
Minnesota,2003,Agosto,5.0,MN
Minnesota,2003,Julio,4.9,MN
Minnesota,2003,Junio,4.9,MN
Minnesota,2003,Mayo,4.8,MN
Minnesota,2003,Abril,4.7,MN
Minnesota,2003,Marzo,4.6,MN
Minnesota,2003,Febrero,4.5,MN
Minnesota,2003,Enero,4.5,MN
Minnesota,2004,Diciembre,4.3,MN
Minnesota,2004,Noviembre,4.4,MN
Minnesota,2004,Octubre,4.4,MN
Minnesota,2004,Septiembre,4.5,MN
Minnesota,2004,Agosto,4.6,MN
Minnesota,2004,Julio,4.6,MN
Minnesota,2004,Junio,4.6,MN
Minnesota,2004,Mayo,4.7,MN
Minnesota,2004,Abril,4.7,MN
Minnesota,2004,Marzo,4.7,MN
Minnesota,2004,Febrero,4.7,MN
Minnesota,2004,Enero,4.8,MN
Minnesota,2005,Diciembre,4.1,MN
Minnesota,2005,Noviembre,4.1,MN
Minnesota,2005,Octubre,4.1,MN
Minnesota,2005,Septiembre,4.0,MN
Minnesota,2005,Agosto,4.0,MN
Minnesota,2005,Julio,4.0,MN
Minnesota,2005,Junio,4.0,MN
Minnesota,2005,Mayo,4.1,MN
Minnesota,2005,Abril,4.1,MN
Minnesota,2005,Marzo,4.2,MN
Minnesota,2005,Febrero,4.2,MN
Minnesota,2005,Enero,4.3,MN
Minnesota,2006,Diciembre,4.3,MN
Minnesota,2006,Noviembre,4.3,MN
Minnesota,2006,Octubre,4.2,MN
Minnesota,2006,Septiembre,4.1,MN
Minnesota,2006,Agosto,4.0,MN
Minnesota,2006,Julio,3.9,MN
Minnesota,2006,Junio,3.9,MN
Minnesota,2006,Mayo,3.9,MN
Minnesota,2006,Abril,3.9,MN
Minnesota,2006,Marzo,4.0,MN
Minnesota,2006,Febrero,4.1,MN
Minnesota,2006,Enero,4.1,MN
Minnesota,2007,Diciembre,4.7,MN
Minnesota,2007,Noviembre,4.8,MN
Minnesota,2007,Octubre,4.8,MN
Minnesota,2007,Septiembre,4.7,MN
Minnesota,2007,Agosto,4.7,MN
Minnesota,2007,Julio,4.6,MN
Minnesota,2007,Junio,4.6,MN
Minnesota,2007,Mayo,4.5,MN
Minnesota,2007,Abril,4.4,MN
Minnesota,2007,Marzo,4.4,MN
Minnesota,2007,Febrero,4.4,MN
Minnesota,2007,Enero,4.4,MN
Minnesota,2008,Diciembre,6.7,MN
Minnesota,2008,Noviembre,6.3,MN
Minnesota,2008,Octubre,6.0,MN
Minnesota,2008,Septiembre,5.7,MN
Minnesota,2008,Agosto,5.6,MN
Minnesota,2008,Julio,5.4,MN
Minnesota,2008,Junio,5.3,MN
Minnesota,2008,Mayo,5.1,MN
Minnesota,2008,Abril,4.9,MN
Minnesota,2008,Marzo,4.8,MN
Minnesota,2008,Febrero,4.7,MN
Minnesota,2008,Enero,4.7,MN
Minnesota,2009,Diciembre,7.8,MN
Minnesota,2009,Noviembre,7.9,MN
Minnesota,2009,Octubre,7.9,MN
Minnesota,2009,Septiembre,8.0,MN
Minnesota,2009,Agosto,8.0,MN
Minnesota,2009,Julio,8.1,MN
Minnesota,2009,Junio,8.2,MN
Minnesota,2009,Mayo,8.2,MN
Minnesota,2009,Abril,8.1,MN
Minnesota,2009,Marzo,7.9,MN
Minnesota,2009,Febrero,7.6,MN
Minnesota,2009,Enero,7.2,MN
Minnesota,2010,Diciembre,7.1,MN
Minnesota,2010,Noviembre,7.2,MN
Minnesota,2010,Octubre,7.3,MN
Minnesota,2010,Septiembre,7.3,MN
Minnesota,2010,Agosto,7.3,MN
Minnesota,2010,Julio,7.2,MN
Minnesota,2010,Junio,7.3,MN
Minnesota,2010,Mayo,7.4,MN
Minnesota,2010,Abril,7.5,MN
Minnesota,2010,Marzo,7.6,MN
Minnesota,2010,Febrero,7.7,MN
Minnesota,2010,Enero,7.8,MN
Misuri,2000,Diciembre,4.1,
Misuri,2000,Noviembre,3.9,
Misuri,2000,Octubre,3.8,
Misuri,2000,Septiembre,3.6,
Misuri,2000,Agosto,3.5,
Misuri,2000,Julio,3.4,
Misuri,2000,Junio,3.3,
Misuri,2000,Mayo,3.2,
Misuri,2000,Abril,3.1,
Misuri,2000,Marzo,3.1,
Misuri,2000,Febrero,3.0,
Misuri,2000,Enero,3.0,
Misuri,2001,Diciembre,5.1,
Misuri,2001,Noviembre,5.0,
Misuri,2001,Octubre,4.9,
Misuri,2001,Septiembre,4.7,
Misuri,2001,Agosto,4.5,
Misuri,2001,Julio,4.4,
Misuri,2001,Junio,4.3,
Misuri,2001,Mayo,4.2,
Misuri,2001,Abril,4.2,
Misuri,2001,Marzo,4.2,
Misuri,2001,Febrero,4.2,
Misuri,2001,Enero,4.2,
Misuri,2002,Diciembre,5.3,
Misuri,2002,Noviembre,5.3,
Misuri,2002,Octubre,5.3,
Misuri,2002,Septiembre,5.3,
Misuri,2002,Agosto,5.3,
Misuri,2002,Julio,5.3,
Misuri,2002,Junio,5.3,
Misuri,2002,Mayo,5.3,
Misuri,2002,Abril,5.3,
Misuri,2002,Marzo,5.3,
Misuri,2002,Febrero,5.2,
Misuri,2002,Enero,5.2,
Misuri,2003,Diciembre,5.6,
Misuri,2003,Noviembre,5.6,
Misuri,2003,Octubre,5.7,
Misuri,2003,Septiembre,5.8,
Misuri,2003,Agosto,5.8,
Misuri,2003,Julio,5.9,
Misuri,2003,Junio,5.8,
Misuri,2003,Mayo,5.7,
Misuri,2003,Abril,5.6,
Misuri,2003,Marzo,5.5,
Misuri,2003,Febrero,5.5,
Misuri,2003,Enero,5.4,
Misuri,2004,Diciembre,6.0,
Misuri,2004,Noviembre,6.0,
Misuri,2004,Octubre,6.0,
Misuri,2004,Septiembre,6.0,
Misuri,2004,Agosto,6.0,
Misuri,2004,Julio,6.0,
Misuri,2004,Junio,5.9,
Misuri,2004,Mayo,5.9,
Misuri,2004,Abril,5.8,
Misuri,2004,Marzo,5.7,
Misuri,2004,Febrero,5.6,
Misuri,2004,Enero,5.6,
Misuri,2005,Diciembre,5.0,
Misuri,2005,Noviembre,5.0,
Misuri,2005,Octubre,5.1,
Misuri,2005,Septiembre,5.1,
Misuri,2005,Agosto,5.1,
Misuri,2005,Julio,5.2,
Misuri,2005,Junio,5.4,
Misuri,2005,Mayo,5.5,
Misuri,2005,Abril,5.7,
Misuri,2005,Marzo,5.8,
Misuri,2005,Febrero,5.9,
Misuri,2005,Enero,6.0,
Misuri,2006,Diciembre,4.9,
Misuri,2006,Noviembre,4.9,
Misuri,2006,Octubre,4.9,
Misuri,2006,Septiembre,4.9,
Misuri,2006,Agosto,4.9,
Misuri,2006,Julio,4.9,
Misuri,2006,Junio,4.9,
Misuri,2006,Mayo,4.8,
Misuri,2006,Abril,4.8,
Misuri,2006,Marzo,4.8,
Misuri,2006,Febrero,4.9,
Misuri,2006,Enero,4.9,
Misuri,2007,Diciembre,5.4,
Misuri,2007,Noviembre,5.4,
Misuri,2007,Octubre,5.4,
Misuri,2007,Septiembre,5.3,
Misuri,2007,Agosto,5.2,
Misuri,2007,Julio,5.1,
Misuri,2007,Junio,5.0,
Misuri,2007,Mayo,4.9,
Misuri,2007,Abril,4.9,
Misuri,2007,Marzo,4.8,
Misuri,2007,Febrero,4.8,
Misuri,2007,Enero,4.8,
Misuri,2008,Diciembre,7.6,
Misuri,2008,Noviembre,7.2,
Misuri,2008,Octubre,6.9,
Misuri,2008,Septiembre,6.6,
Misuri,2008,Agosto,6.4,
Misuri,2008,Julio,6.2,
Misuri,2008,Junio,6.0,
Misuri,2008,Mayo,5.8,
Misuri,2008,Abril,5.6,
Misuri,2008,Marzo,5.5,
Misuri,2008,Febrero,5.4,
Misuri,2008,Enero,5.4,
Misuri,2009,Diciembre,9.6,
Misuri,2009,Noviembre,9.5,
Misuri,2009,Octubre,9.4,
Misuri,2009,Septiembre,9.4,
Misuri,2009,Agosto,9.3,
Misuri,2009,Julio,9.2,
Misuri,2009,Junio,9.1,
Misuri,2009,Mayo,9.0,
Misuri,2009,Abril,8.9,
Misuri,2009,Marzo,8.6,
Misuri,2009,Febrero,8.3,
Misuri,2009,Enero,8.0,
Misuri,2010,Diciembre,9.4,
Misuri,2010,Noviembre,9.5,
Misuri,2010,Octubre,9.5,
Misuri,2010,Septiembre,9.4,
Misuri,2010,Agosto,9.4,
Misuri,2010,Julio,9.4,
Misuri,2010,Junio,9.4,
Misuri,2010,Mayo,9.5,
Misuri,2010,Abril,9.6,
Misuri,2010,Marzo,9.6,
Misuri,2010,Febrero,9.7,
Misuri,2010,Enero,9.7,
Misisipi,2000,Diciembre,5.0,
Misisipi,2000,Noviembre,5.0,
Misisipi,2000,Octubre,5.1,
Misisipi,2000,Septiembre,5.2,
Misisipi,2000,Agosto,5.3,
Misisipi,2000,Julio,5.4,
Misisipi,2000,Junio,5.5,
Misisipi,2000,Mayo,5.5,
Misisipi,2000,Abril,5.5,
Misisipi,2000,Marzo,5.5,
Misisipi,2000,Febrero,5.5,
Misisipi,2000,Enero,5.4,
Misisipi,2001,Diciembre,6.4,
Misisipi,2001,Noviembre,6.3,
Misisipi,2001,Octubre,6.0,
Misisipi,2001,Septiembre,5.8,
Misisipi,2001,Agosto,5.5,
Misisipi,2001,Julio,5.3,
Misisipi,2001,Junio,5.2,
Misisipi,2001,Mayo,5.1,
Misisipi,2001,Abril,5.1,
Misisipi,2001,Marzo,5.1,
Misisipi,2001,Febrero,5.1,
Misisipi,2001,Enero,5.0,
Misisipi,2002,Diciembre,6.4,
Misisipi,2002,Noviembre,6.4,
Misisipi,2002,Octubre,6.3,
Misisipi,2002,Septiembre,6.3,
Misisipi,2002,Agosto,6.3,
Misisipi,2002,Julio,6.3,
Misisipi,2002,Junio,6.4,
Misisipi,2002,Mayo,6.5,
Misisipi,2002,Abril,6.5,
Misisipi,2002,Marzo,6.6,
Misisipi,2002,Febrero,6.6,
Misisipi,2002,Enero,6.5,
Misisipi,2003,Diciembre,5.7,
Misisipi,2003,Noviembre,5.7,
Misisipi,2003,Octubre,5.8,
Misisipi,2003,Septiembre,5.9,
Misisipi,2003,Agosto,6.1,
Misisipi,2003,Julio,6.2,
Misisipi,2003,Junio,6.3,
Misisipi,2003,Mayo,6.4,
Misisipi,2003,Abril,6.4,
Misisipi,2003,Marzo,6.4,
Misisipi,2003,Febrero,6.4,
Misisipi,2003,Enero,6.4,
Misisipi,2004,Diciembre,6.7,
Misisipi,2004,Noviembre,6.6,
Misisipi,2004,Octubre,6.5,
Misisipi,2004,Septiembre,6.4,
Misisipi,2004,Agosto,6.3,
Misisipi,2004,Julio,6.2,
Misisipi,2004,Junio,6.1,
Misisipi,2004,Mayo,6.0,
Misisipi,2004,Abril,5.9,
Misisipi,2004,Marzo,5.8,
Misisipi,2004,Febrero,5.7,
Misisipi,2004,Enero,5.7,
Misisipi,2005,Diciembre,7.5,
Misisipi,2005,Noviembre,8.6,
Misisipi,2005,Octubre,9.0,
Misisipi,2005,Septiembre,9.8,
Misisipi,2005,Agosto,7.2,
Misisipi,2005,Julio,7.2,
Misisipi,2005,Junio,7.1,
Misisipi,2005,Mayo,7.1,
Misisipi,2005,Abril,7.0,
Misisipi,2005,Marzo,7.0,
Misisipi,2005,Febrero,6.9,
Misisipi,2005,Enero,6.8,
Misisipi,2006,Diciembre,6.4,
Misisipi,2006,Noviembre,6.3,
Misisipi,2006,Octubre,6.3,
Misisipi,2006,Septiembre,6.3,
Misisipi,2006,Agosto,6.3,
Misisipi,2006,Julio,6.3,
Misisipi,2006,Junio,6.3,
Misisipi,2006,Mayo,6.3,
Misisipi,2006,Abril,6.2,
Misisipi,2006,Marzo,6.3,
Misisipi,2006,Febrero,6.6,
Misisipi,2006,Enero,6.9,
Misisipi,2007,Diciembre,6.0,
Misisipi,2007,Noviembre,6.0,
Misisipi,2007,Octubre,6.0,
Misisipi,2007,Septiembre,6.0,
Misisipi,2007,Agosto,6.0,
Misisipi,2007,Julio,6.1,
Misisipi,2007,Junio,6.1,
Misisipi,2007,Mayo,6.2,
Misisipi,2007,Abril,6.3,
Misisipi,2007,Marzo,6.3,
Misisipi,2007,Febrero,6.4,
Misisipi,2007,Enero,6.4,
Misisipi,2008,Diciembre,7.7,
Misisipi,2008,Noviembre,7.4,
Misisipi,2008,Octubre,7.2,
Misisipi,2008,Septiembre,7.0,
Misisipi,2008,Agosto,6.9,
Misisipi,2008,Julio,6.8,
Misisipi,2008,Junio,6.6,
Misisipi,2008,Mayo,6.4,
Misisipi,2008,Abril,6.3,
Misisipi,2008,Marzo,6.1,
Misisipi,2008,Febrero,6.1,
Misisipi,2008,Enero,6.0,
Misisipi,2009,Diciembre,10.4,
Misisipi,2009,Noviembre,10.2,
Misisipi,2009,Octubre,10.0,
Misisipi,2009,Septiembre,9.8,
Misisipi,2009,Agosto,9.6,
Misisipi,2009,Julio,9.4,
Misisipi,2009,Junio,9.3,
Misisipi,2009,Mayo,9.2,
Misisipi,2009,Abril,9.0,
Misisipi,2009,Marzo,8.8,
Misisipi,2009,Febrero,8.5,
Misisipi,2009,Enero,8.1,
Misisipi,2010,Diciembre,9.9,
Misisipi,2010,Noviembre,9.9,
Misisipi,2010,Octubre,9.8,
Misisipi,2010,Septiembre,9.8,
Misisipi,2010,Agosto,9.8,
Misisipi,2010,Julio,9.8,
Misisipi,2010,Junio,9.9,
Misisipi,2010,Mayo,10.3,
Misisipi,2010,Abril,10.4,
Misisipi,2010,Marzo,10.4,
Misisipi,2010,Febrero,10.5,
Misisipi,2010,Enero,10.5,
Montana,2000,Diciembre,4.6,MT
Montana,2000,Noviembre,4.7,MT
Montana,2000,Octubre,4.7,MT
Montana,2000,Septiembre,4.8,MT
Montana,2000,Agosto,4.8,MT
Montana,2000,Julio,4.9,MT
Montana,2000,Junio,4.9,MT
Montana,2000,Mayo,4.9,MT
Montana,2000,Abril,4.9,MT
Montana,2000,Marzo,4.9,MT
Montana,2000,Febrero,4.9,MT
Montana,2000,Enero,5.0,MT
Montana,2001,Diciembre,4.7,MT
Montana,2001,Noviembre,4.7,MT
Montana,2001,Octubre,4.6,MT
Montana,2001,Septiembre,4.6,MT
Montana,2001,Agosto,4.6,MT
Montana,2001,Julio,4.6,MT
Montana,2001,Junio,4.5,MT
Montana,2001,Mayo,4.6,MT
Montana,2001,Abril,4.6,MT
Montana,2001,Marzo,4.6,MT
Montana,2001,Febrero,4.6,MT
Montana,2001,Enero,4.6,MT
Montana,2002,Diciembre,4.5,MT
Montana,2002,Noviembre,4.5,MT
Montana,2002,Octubre,4.4,MT
Montana,2002,Septiembre,4.4,MT
Montana,2002,Agosto,4.4,MT
Montana,2002,Julio,4.5,MT
Montana,2002,Junio,4.5,MT
Montana,2002,Mayo,4.6,MT
Montana,2002,Abril,4.7,MT
Montana,2002,Marzo,4.7,MT
Montana,2002,Febrero,4.7,MT
Montana,2002,Enero,4.7,MT
Montana,2003,Diciembre,4.8,MT
Montana,2003,Noviembre,4.8,MT
Montana,2003,Octubre,4.8,MT
Montana,2003,Septiembre,4.8,MT
Montana,2003,Agosto,4.8,MT
Montana,2003,Julio,4.8,MT
Montana,2003,Junio,4.8,MT
Montana,2003,Mayo,4.7,MT
Montana,2003,Abril,4.7,MT
Montana,2003,Marzo,4.7,MT
Montana,2003,Febrero,4.6,MT
Montana,2003,Enero,4.6,MT
Montana,2004,Diciembre,4.3,MT
Montana,2004,Noviembre,4.4,MT
Montana,2004,Octubre,4.4,MT
Montana,2004,Septiembre,4.4,MT
Montana,2004,Agosto,4.4,MT
Montana,2004,Julio,4.5,MT
Montana,2004,Junio,4.5,MT
Montana,2004,Mayo,4.6,MT
Montana,2004,Abril,4.6,MT
Montana,2004,Marzo,4.6,MT
Montana,2004,Febrero,4.7,MT
Montana,2004,Enero,4.7,MT
Montana,2005,Diciembre,3.7,MT
Montana,2005,Noviembre,3.8,MT
Montana,2005,Octubre,3.9,MT
Montana,2005,Septiembre,4.0,MT
Montana,2005,Agosto,4.0,MT
Montana,2005,Julio,4.1,MT
Montana,2005,Junio,4.1,MT
Montana,2005,Mayo,4.1,MT
Montana,2005,Abril,4.2,MT
Montana,2005,Marzo,4.3,MT
Montana,2005,Febrero,4.3,MT
Montana,2005,Enero,4.3,MT
Montana,2006,Diciembre,3.0,MT
Montana,2006,Noviembre,3.1,MT
Montana,2006,Octubre,3.2,MT
Montana,2006,Septiembre,3.3,MT
Montana,2006,Agosto,3.3,MT
Montana,2006,Julio,3.4,MT
Montana,2006,Junio,3.4,MT
Montana,2006,Mayo,3.4,MT
Montana,2006,Abril,3.4,MT
Montana,2006,Marzo,3.5,MT
Montana,2006,Febrero,3.5,MT
Montana,2006,Enero,3.6,MT
Montana,2007,Diciembre,3.8,MT
Montana,2007,Noviembre,3.8,MT
Montana,2007,Octubre,3.8,MT
Montana,2007,Septiembre,3.7,MT
Montana,2007,Agosto,3.6,MT
Montana,2007,Julio,3.5,MT
Montana,2007,Junio,3.3,MT
Montana,2007,Mayo,3.2,MT
Montana,2007,Abril,3.0,MT
Montana,2007,Marzo,2.9,MT
Montana,2007,Febrero,2.8,MT
Montana,2007,Enero,2.9,MT
Montana,2008,Diciembre,6.2,MT
Montana,2008,Noviembre,5.8,MT
Montana,2008,Octubre,5.4,MT
Montana,2008,Septiembre,5.1,MT
Montana,2008,Agosto,4.9,MT
Montana,2008,Julio,4.7,MT
Montana,2008,Junio,4.5,MT
Montana,2008,Mayo,4.3,MT
Montana,2008,Abril,4.1,MT
Montana,2008,Marzo,4.0,MT
Montana,2008,Febrero,3.9,MT
Montana,2008,Enero,3.8,MT
Montana,2009,Diciembre,7.4,MT
Montana,2009,Noviembre,7.3,MT
Montana,2009,Octubre,7.2,MT
Montana,2009,Septiembre,7.1,MT
Montana,2009,Agosto,7.1,MT
Montana,2009,Julio,7.1,MT
Montana,2009,Junio,7.2,MT
Montana,2009,Mayo,7.2,MT
Montana,2009,Abril,7.2,MT
Montana,2009,Marzo,7.1,MT
Montana,2009,Febrero,6.9,MT
Montana,2009,Enero,6.6,MT
Montana,2010,Diciembre,7.0,MT
Montana,2010,Noviembre,7.1,MT
Montana,2010,Octubre,7.0,MT
Montana,2010,Septiembre,7.0,MT
Montana,2010,Agosto,7.0,MT
Montana,2010,Julio,7.0,MT
Montana,2010,Junio,7.1,MT
Montana,2010,Mayo,7.2,MT
Montana,2010,Abril,7.4,MT
Montana,2010,Marzo,7.4,MT
Montana,2010,Febrero,7.5,MT
Montana,2010,Enero,7.5,MT
Carolina-del-norte,2000,Diciembre,4.2,
Carolina-del-norte,2000,Noviembre,4.1,
Carolina-del-norte,2000,Octubre,4.1,
Carolina-del-norte,2000,Septiembre,4.0,
Carolina-del-norte,2000,Agosto,3.9,
Carolina-del-norte,2000,Julio,3.8,
Carolina-del-norte,2000,Junio,3.7,
Carolina-del-norte,2000,Mayo,3.6,
Carolina-del-norte,2000,Abril,3.5,
Carolina-del-norte,2000,Marzo,3.4,
Carolina-del-norte,2000,Febrero,3.4,
Carolina-del-norte,2000,Enero,3.4,
Carolina-del-norte,2001,Diciembre,7.1,
Carolina-del-norte,2001,Noviembre,6.8,
Carolina-del-norte,2001,Octubre,6.5,
Carolina-del-norte,2001,Septiembre,6.2,
Carolina-del-norte,2001,Agosto,5.9,
Carolina-del-norte,2001,Julio,5.6,
Carolina-del-norte,2001,Junio,5.4,
Carolina-del-norte,2001,Mayo,5.2,
Carolina-del-norte,2001,Abril,5.0,
Carolina-del-norte,2001,Marzo,4.8,
Carolina-del-norte,2001,Febrero,4.6,
Carolina-del-norte,2001,Enero,4.4,
Carolina-del-norte,2002,Diciembre,6.8,
Carolina-del-norte,2002,Noviembre,6.8,
Carolina-del-norte,2002,Octubre,6.7,
Carolina-del-norte,2002,Septiembre,6.7,
Carolina-del-norte,2002,Agosto,6.7,
Carolina-del-norte,2002,Julio,6.8,
Carolina-del-norte,2002,Junio,6.9,
Carolina-del-norte,2002,Mayo,7.0,
Carolina-del-norte,2002,Abril,7.1,
Carolina-del-norte,2002,Marzo,7.2,
Carolina-del-norte,2002,Febrero,7.2,
Carolina-del-norte,2002,Enero,7.2,
Carolina-del-norte,2003,Diciembre,6.3,
Carolina-del-norte,2003,Noviembre,6.4,
Carolina-del-norte,2003,Octubre,6.5,
Carolina-del-norte,2003,Septiembre,6.7,
Carolina-del-norte,2003,Agosto,6.8,
Carolina-del-norte,2003,Julio,6.9,
Carolina-del-norte,2003,Junio,6.9,
Carolina-del-norte,2003,Mayo,6.9,
Carolina-del-norte,2003,Abril,6.8,
Carolina-del-norte,2003,Marzo,6.8,
Carolina-del-norte,2003,Febrero,6.8,
Carolina-del-norte,2003,Enero,6.8,
Carolina-del-norte,2004,Diciembre,5.7,
Carolina-del-norte,2004,Noviembre,5.7,
Carolina-del-norte,2004,Octubre,5.7,
Carolina-del-norte,2004,Septiembre,5.7,
Carolina-del-norte,2004,Agosto,5.7,
Carolina-del-norte,2004,Julio,5.7,
Carolina-del-norte,2004,Junio,5.8,
Carolina-del-norte,2004,Mayo,5.9,
Carolina-del-norte,2004,Abril,6.0,
Carolina-del-norte,2004,Marzo,6.1,
Carolina-del-norte,2004,Febrero,6.1,
Carolina-del-norte,2004,Enero,6.2,
Carolina-del-norte,2005,Diciembre,5.3,
Carolina-del-norte,2005,Noviembre,5.4,
Carolina-del-norte,2005,Octubre,5.5,
Carolina-del-norte,2005,Septiembre,5.6,
Carolina-del-norte,2005,Agosto,5.6,
Carolina-del-norte,2005,Julio,5.6,
Carolina-del-norte,2005,Junio,5.6,
Carolina-del-norte,2005,Mayo,5.7,
Carolina-del-norte,2005,Abril,5.7,
Carolina-del-norte,2005,Marzo,5.7,
Carolina-del-norte,2005,Febrero,5.7,
Carolina-del-norte,2005,Enero,5.8,
Carolina-del-norte,2006,Diciembre,5.1,
Carolina-del-norte,2006,Noviembre,5.2,
Carolina-del-norte,2006,Octubre,5.3,
Carolina-del-norte,2006,Septiembre,5.3,
Carolina-del-norte,2006,Agosto,5.2,
Carolina-del-norte,2006,Julio,5.2,
Carolina-del-norte,2006,Junio,5.1,
Carolina-del-norte,2006,Mayo,5.0,
Carolina-del-norte,2006,Abril,5.0,
Carolina-del-norte,2006,Marzo,5.0,
Carolina-del-norte,2006,Febrero,5.0,
Carolina-del-norte,2006,Enero,5.2,
Carolina-del-norte,2007,Diciembre,5.3,
Carolina-del-norte,2007,Noviembre,5.3,
Carolina-del-norte,2007,Octubre,5.3,
Carolina-del-norte,2007,Septiembre,5.3,
Carolina-del-norte,2007,Agosto,5.2,
Carolina-del-norte,2007,Julio,5.1,
Carolina-del-norte,2007,Junio,5.0,
Carolina-del-norte,2007,Mayo,4.9,
Carolina-del-norte,2007,Abril,4.9,
Carolina-del-norte,2007,Marzo,4.9,
Carolina-del-norte,2007,Febrero,4.9,
Carolina-del-norte,2007,Enero,5.0,
Carolina-del-norte,2008,Diciembre,9.6,
Carolina-del-norte,2008,Noviembre,8.6,
Carolina-del-norte,2008,Octubre,6.3,
Carolina-del-norte,2008,Septiembre,6.1,
Carolina-del-norte,2008,Agosto,6.0,
Carolina-del-norte,2008,Julio,5.8,
Carolina-del-norte,2008,Junio,5.7,
Carolina-del-norte,2008,Mayo,5.5,
Carolina-del-norte,2008,Abril,5.3,
Carolina-del-norte,2008,Marzo,5.2,
Carolina-del-norte,2008,Febrero,5.2,
Carolina-del-norte,2008,Enero,5.2,
Carolina-del-norte,2009,Diciembre,11.1,
Carolina-del-norte,2009,Noviembre,11.0,
Carolina-del-norte,2009,Octubre,10.9,
Carolina-del-norte,2009,Septiembre,10.9,
Carolina-del-norte,2009,Agosto,11.0,
Carolina-del-norte,2009,Julio,11.2,
Carolina-del-norte,2009,Junio,11.3,
Carolina-del-norte,2009,Mayo,11.4,
Carolina-del-norte,2009,Abril,11.4,
Carolina-del-norte,2009,Marzo,11.2,
Carolina-del-norte,2009,Febrero,10.8,
Carolina-del-norte,2009,Enero,10.2,
Carolina-del-norte,2010,Diciembre,10.5,
Carolina-del-norte,2010,Noviembre,10.5,
Carolina-del-norte,2010,Octubre,10.4,
Carolina-del-norte,2010,Septiembre,10.4,
Carolina-del-norte,2010,Agosto,10.4,
Carolina-del-norte,2010,Julio,10.4,
Carolina-del-norte,2010,Junio,10.6,
Carolina-del-norte,2010,Mayo,10.8,
Carolina-del-norte,2010,Abril,11.0,
Carolina-del-norte,2010,Marzo,11.2,
Carolina-del-norte,2010,Febrero,11.2,
Carolina-del-norte,2010,Enero,11.2,
Dakota-del-norte,2000,Diciembre,2.8,
Dakota-del-norte,2000,Noviembre,2.9,
Dakota-del-norte,2000,Octubre,2.9,
Dakota-del-norte,2000,Septiembre,2.9,
Dakota-del-norte,2000,Agosto,2.9,
Dakota-del-norte,2000,Julio,2.9,
Dakota-del-norte,2000,Junio,2.9,
Dakota-del-norte,2000,Mayo,2.9,
Dakota-del-norte,2000,Abril,3.0,
Dakota-del-norte,2000,Marzo,3.0,
Dakota-del-norte,2000,Febrero,3.0,
Dakota-del-norte,2000,Enero,3.0,
Dakota-del-norte,2001,Diciembre,3.1,
Dakota-del-norte,2001,Noviembre,3.0,
Dakota-del-norte,2001,Octubre,3.0,
Dakota-del-norte,2001,Septiembre,2.9,
Dakota-del-norte,2001,Agosto,2.8,
Dakota-del-norte,2001,Julio,2.8,
Dakota-del-norte,2001,Junio,2.7,
Dakota-del-norte,2001,Mayo,2.7,
Dakota-del-norte,2001,Abril,2.7,
Dakota-del-norte,2001,Marzo,2.7,
Dakota-del-norte,2001,Febrero,2.8,
Dakota-del-norte,2001,Enero,2.8,
Dakota-del-norte,2002,Diciembre,3.4,
Dakota-del-norte,2002,Noviembre,3.4,
Dakota-del-norte,2002,Octubre,3.4,
Dakota-del-norte,2002,Septiembre,3.4,
Dakota-del-norte,2002,Agosto,3.4,
Dakota-del-norte,2002,Julio,3.4,
Dakota-del-norte,2002,Junio,3.4,
Dakota-del-norte,2002,Mayo,3.4,
Dakota-del-norte,2002,Abril,3.4,
Dakota-del-norte,2002,Marzo,3.4,
Dakota-del-norte,2002,Febrero,3.3,
Dakota-del-norte,2002,Enero,3.2,
Dakota-del-norte,2003,Diciembre,3.4,
Dakota-del-norte,2003,Noviembre,3.4,
Dakota-del-norte,2003,Octubre,3.4,
Dakota-del-norte,2003,Septiembre,3.5,
Dakota-del-norte,2003,Agosto,3.5,
Dakota-del-norte,2003,Julio,3.5,
Dakota-del-norte,2003,Junio,3.5,
Dakota-del-norte,2003,Mayo,3.5,
Dakota-del-norte,2003,Abril,3.5,
Dakota-del-norte,2003,Marzo,3.5,
Dakota-del-norte,2003,Febrero,3.5,
Dakota-del-norte,2003,Enero,3.5,
Dakota-del-norte,2004,Diciembre,3.4,
Dakota-del-norte,2004,Noviembre,3.4,
Dakota-del-norte,2004,Octubre,3.4,
Dakota-del-norte,2004,Septiembre,3.4,
Dakota-del-norte,2004,Agosto,3.4,
Dakota-del-norte,2004,Julio,3.4,
Dakota-del-norte,2004,Junio,3.4,
Dakota-del-norte,2004,Mayo,3.4,
Dakota-del-norte,2004,Abril,3.3,
Dakota-del-norte,2004,Marzo,3.3,
Dakota-del-norte,2004,Febrero,3.4,
Dakota-del-norte,2004,Enero,3.4,
Dakota-del-norte,2005,Diciembre,3.2,
Dakota-del-norte,2005,Noviembre,3.2,
Dakota-del-norte,2005,Octubre,3.2,
Dakota-del-norte,2005,Septiembre,3.2,
Dakota-del-norte,2005,Agosto,3.3,
Dakota-del-norte,2005,Julio,3.3,
Dakota-del-norte,2005,Junio,3.3,
Dakota-del-norte,2005,Mayo,3.4,
Dakota-del-norte,2005,Abril,3.4,
Dakota-del-norte,2005,Marzo,3.4,
Dakota-del-norte,2005,Febrero,3.4,
Dakota-del-norte,2005,Enero,3.4,
Dakota-del-norte,2006,Diciembre,3.1,
Dakota-del-norte,2006,Noviembre,3.1,
Dakota-del-norte,2006,Octubre,3.1,
Dakota-del-norte,2006,Septiembre,3.1,
Dakota-del-norte,2006,Agosto,3.1,
Dakota-del-norte,2006,Julio,3.1,
Dakota-del-norte,2006,Junio,3.1,
Dakota-del-norte,2006,Mayo,3.1,
Dakota-del-norte,2006,Abril,3.1,
Dakota-del-norte,2006,Marzo,3.1,
Dakota-del-norte,2006,Febrero,3.1,
Dakota-del-norte,2006,Enero,3.1,
Dakota-del-norte,2007,Diciembre,3.0,
Dakota-del-norte,2007,Noviembre,3.0,
Dakota-del-norte,2007,Octubre,3.0,
Dakota-del-norte,2007,Septiembre,3.1,
Dakota-del-norte,2007,Agosto,3.1,
Dakota-del-norte,2007,Julio,3.0,
Dakota-del-norte,2007,Junio,3.0,
Dakota-del-norte,2007,Mayo,3.0,
Dakota-del-norte,2007,Abril,3.0,
Dakota-del-norte,2007,Marzo,3.0,
Dakota-del-norte,2007,Febrero,3.0,
Dakota-del-norte,2007,Enero,3.0,
Dakota-del-norte,2008,Diciembre,3.6,
Dakota-del-norte,2008,Noviembre,3.4,
Dakota-del-norte,2008,Octubre,3.3,
Dakota-del-norte,2008,Septiembre,3.2,
Dakota-del-norte,2008,Agosto,3.2,
Dakota-del-norte,2008,Julio,3.1,
Dakota-del-norte,2008,Junio,3.1,
Dakota-del-norte,2008,Mayo,3.0,
Dakota-del-norte,2008,Abril,2.9,
Dakota-del-norte,2008,Marzo,2.8,
Dakota-del-norte,2008,Febrero,2.8,
Dakota-del-norte,2008,Enero,2.9,
Dakota-del-norte,2009,Diciembre,3.9,
Dakota-del-norte,2009,Noviembre,3.9,
Dakota-del-norte,2009,Octubre,3.9,
Dakota-del-norte,2009,Septiembre,3.9,
Dakota-del-norte,2009,Agosto,3.9,
Dakota-del-norte,2009,Julio,3.9,
Dakota-del-norte,2009,Junio,3.9,
Dakota-del-norte,2009,Mayo,4.0,
Dakota-del-norte,2009,Abril,4.0,
Dakota-del-norte,2009,Marzo,4.0,
Dakota-del-norte,2009,Febrero,3.9,
Dakota-del-norte,2009,Enero,3.8,
Dakota-del-norte,2010,Diciembre,3.5,
Dakota-del-norte,2010,Noviembre,3.5,
Dakota-del-norte,2010,Octubre,3.6,
Dakota-del-norte,2010,Septiembre,3.6,
Dakota-del-norte,2010,Agosto,3.6,
Dakota-del-norte,2010,Julio,3.6,
Dakota-del-norte,2010,Junio,3.7,
Dakota-del-norte,2010,Mayo,3.7,
Dakota-del-norte,2010,Abril,3.8,
Dakota-del-norte,2010,Marzo,3.9,
Dakota-del-norte,2010,Febrero,3.9,
Dakota-del-norte,2010,Enero,3.9,
Nebraska,2000,Diciembre,2.9,NE
Nebraska,2000,Noviembre,2.9,NE
Nebraska,2000,Octubre,2.9,NE
Nebraska,2000,Septiembre,2.8,NE
Nebraska,2000,Agosto,2.8,NE
Nebraska,2000,Julio,2.8,NE
Nebraska,2000,Junio,2.8,NE
Nebraska,2000,Mayo,2.8,NE
Nebraska,2000,Abril,2.7,NE
Nebraska,2000,Marzo,2.7,NE
Nebraska,2000,Febrero,2.7,NE
Nebraska,2000,Enero,2.7,NE
Nebraska,2001,Diciembre,3.5,NE
Nebraska,2001,Noviembre,3.5,NE
Nebraska,2001,Octubre,3.4,NE
Nebraska,2001,Septiembre,3.3,NE
Nebraska,2001,Agosto,3.2,NE
Nebraska,2001,Julio,3.1,NE
Nebraska,2001,Junio,3.0,NE
Nebraska,2001,Mayo,3.0,NE
Nebraska,2001,Abril,3.0,NE
Nebraska,2001,Marzo,3.0,NE
Nebraska,2001,Febrero,2.9,NE
Nebraska,2001,Enero,2.9,NE
Nebraska,2002,Diciembre,3.7,NE
Nebraska,2002,Noviembre,3.7,NE
Nebraska,2002,Octubre,3.7,NE
Nebraska,2002,Septiembre,3.6,NE
Nebraska,2002,Agosto,3.7,NE
Nebraska,2002,Julio,3.7,NE
Nebraska,2002,Junio,3.7,NE
Nebraska,2002,Mayo,3.7,NE
Nebraska,2002,Abril,3.7,NE
Nebraska,2002,Marzo,3.7,NE
Nebraska,2002,Febrero,3.7,NE
Nebraska,2002,Enero,3.6,NE
Nebraska,2003,Diciembre,3.9,NE
Nebraska,2003,Noviembre,3.9,NE
Nebraska,2003,Octubre,3.9,NE
Nebraska,2003,Septiembre,4.0,NE
Nebraska,2003,Agosto,4.0,NE
Nebraska,2003,Julio,4.1,NE
Nebraska,2003,Junio,4.0,NE
Nebraska,2003,Mayo,4.0,NE
Nebraska,2003,Abril,4.0,NE
Nebraska,2003,Marzo,3.9,NE
Nebraska,2003,Febrero,3.8,NE
Nebraska,2003,Enero,3.8,NE
Nebraska,2004,Diciembre,4.0,NE
Nebraska,2004,Noviembre,3.9,NE
Nebraska,2004,Octubre,3.9,NE
Nebraska,2004,Septiembre,3.9,NE
Nebraska,2004,Agosto,3.9,NE
Nebraska,2004,Julio,3.9,NE
Nebraska,2004,Junio,3.9,NE
Nebraska,2004,Mayo,3.9,NE
Nebraska,2004,Abril,3.9,NE
Nebraska,2004,Marzo,3.9,NE
Nebraska,2004,Febrero,3.9,NE
Nebraska,2004,Enero,3.9,NE
Nebraska,2005,Diciembre,3.4,NE
Nebraska,2005,Noviembre,3.5,NE
Nebraska,2005,Octubre,3.6,NE
Nebraska,2005,Septiembre,3.7,NE
Nebraska,2005,Agosto,3.7,NE
Nebraska,2005,Julio,3.7,NE
Nebraska,2005,Junio,3.8,NE
Nebraska,2005,Mayo,3.8,NE
Nebraska,2005,Abril,3.9,NE
Nebraska,2005,Marzo,4.0,NE
Nebraska,2005,Febrero,4.0,NE
Nebraska,2005,Enero,4.0,NE
Nebraska,2006,Diciembre,2.9,NE
Nebraska,2006,Noviembre,3.0,NE
Nebraska,2006,Octubre,3.0,NE
Nebraska,2006,Septiembre,3.0,NE
Nebraska,2006,Agosto,3.0,NE
Nebraska,2006,Julio,3.0,NE
Nebraska,2006,Junio,3.0,NE
Nebraska,2006,Mayo,3.0,NE
Nebraska,2006,Abril,3.0,NE
Nebraska,2006,Marzo,3.1,NE
Nebraska,2006,Febrero,3.2,NE
Nebraska,2006,Enero,3.3,NE
Nebraska,2007,Diciembre,3.0,NE
Nebraska,2007,Noviembre,3.0,NE
Nebraska,2007,Octubre,3.0,NE
Nebraska,2007,Septiembre,3.0,NE
Nebraska,2007,Agosto,3.0,NE
Nebraska,2007,Julio,3.0,NE
Nebraska,2007,Junio,2.9,NE
Nebraska,2007,Mayo,2.9,NE
Nebraska,2007,Abril,2.8,NE
Nebraska,2007,Marzo,2.8,NE
Nebraska,2007,Febrero,2.8,NE
Nebraska,2007,Enero,2.9,NE
Nebraska,2008,Diciembre,3.9,NE
Nebraska,2008,Noviembre,3.7,NE
Nebraska,2008,Octubre,3.5,NE
Nebraska,2008,Septiembre,3.4,NE
Nebraska,2008,Agosto,3.3,NE
Nebraska,2008,Julio,3.2,NE
Nebraska,2008,Junio,3.2,NE
Nebraska,2008,Mayo,3.1,NE
Nebraska,2008,Abril,3.0,NE
Nebraska,2008,Marzo,3.0,NE
Nebraska,2008,Febrero,2.9,NE
Nebraska,2008,Enero,2.9,NE
Nebraska,2009,Diciembre,4.9,NE
Nebraska,2009,Noviembre,4.9,NE
Nebraska,2009,Octubre,4.8,NE
Nebraska,2009,Septiembre,4.8,NE
Nebraska,2009,Agosto,4.8,NE
Nebraska,2009,Julio,4.8,NE
Nebraska,2009,Junio,4.7,NE
Nebraska,2009,Mayo,4.7,NE
Nebraska,2009,Abril,4.6,NE
Nebraska,2009,Marzo,4.5,NE
Nebraska,2009,Febrero,4.3,NE
Nebraska,2009,Enero,4.1,NE
Nebraska,2010,Diciembre,4.6,NE
Nebraska,2010,Noviembre,4.6,NE
Nebraska,2010,Octubre,4.6,NE
Nebraska,2010,Septiembre,4.6,NE
Nebraska,2010,Agosto,4.6,NE
Nebraska,2010,Julio,4.6,NE
Nebraska,2010,Junio,4.6,NE
Nebraska,2010,Mayo,4.7,NE
Nebraska,2010,Abril,4.8,NE
Nebraska,2010,Marzo,4.9,NE
Nebraska,2010,Febrero,4.9,NE
Nebraska,2010,Enero,4.9,NE
Nuevo-hampshire,2000,Diciembre,2.6,
Nuevo-hampshire,2000,Noviembre,2.5,
Nuevo-hampshire,2000,Octubre,2.5,
Nuevo-hampshire,2000,Septiembre,2.5,
Nuevo-hampshire,2000,Agosto,2.6,
Nuevo-hampshire,2000,Julio,2.7,
Nuevo-hampshire,2000,Junio,2.7,
Nuevo-hampshire,2000,Mayo,2.7,
Nuevo-hampshire,2000,Abril,2.7,
Nuevo-hampshire,2000,Marzo,2.7,
Nuevo-hampshire,2000,Febrero,2.8,
Nuevo-hampshire,2000,Enero,2.8,
Nuevo-hampshire,2001,Diciembre,4.0,
Nuevo-hampshire,2001,Noviembre,3.9,
Nuevo-hampshire,2001,Octubre,3.8,
Nuevo-hampshire,2001,Septiembre,3.7,
Nuevo-hampshire,2001,Agosto,3.6,
Nuevo-hampshire,2001,Julio,3.4,
Nuevo-hampshire,2001,Junio,3.3,
Nuevo-hampshire,2001,Mayo,3.2,
Nuevo-hampshire,2001,Abril,3.1,
Nuevo-hampshire,2001,Marzo,3.0,
Nuevo-hampshire,2001,Febrero,2.9,
Nuevo-hampshire,2001,Enero,2.8,
Nuevo-hampshire,2002,Diciembre,4.6,
Nuevo-hampshire,2002,Noviembre,4.7,
Nuevo-hampshire,2002,Octubre,4.7,
Nuevo-hampshire,2002,Septiembre,4.7,
Nuevo-hampshire,2002,Agosto,4.6,
Nuevo-hampshire,2002,Julio,4.6,
Nuevo-hampshire,2002,Junio,4.5,
Nuevo-hampshire,2002,Mayo,4.5,
Nuevo-hampshire,2002,Abril,4.4,
Nuevo-hampshire,2002,Marzo,4.3,
Nuevo-hampshire,2002,Febrero,4.2,
Nuevo-hampshire,2002,Enero,4.1,
Nuevo-hampshire,2003,Diciembre,4.3,
Nuevo-hampshire,2003,Noviembre,4.4,
Nuevo-hampshire,2003,Octubre,4.4,
Nuevo-hampshire,2003,Septiembre,4.5,
Nuevo-hampshire,2003,Agosto,4.5,
Nuevo-hampshire,2003,Julio,4.5,
Nuevo-hampshire,2003,Junio,4.5,
Nuevo-hampshire,2003,Mayo,4.5,
Nuevo-hampshire,2003,Abril,4.4,
Nuevo-hampshire,2003,Marzo,4.5,
Nuevo-hampshire,2003,Febrero,4.5,
Nuevo-hampshire,2003,Enero,4.6,
Nuevo-hampshire,2004,Diciembre,3.6,
Nuevo-hampshire,2004,Noviembre,3.5,
Nuevo-hampshire,2004,Octubre,3.5,
Nuevo-hampshire,2004,Septiembre,3.6,
Nuevo-hampshire,2004,Agosto,3.6,
Nuevo-hampshire,2004,Julio,3.7,
Nuevo-hampshire,2004,Junio,3.8,
Nuevo-hampshire,2004,Mayo,3.9,
Nuevo-hampshire,2004,Abril,4.0,
Nuevo-hampshire,2004,Marzo,4.1,
Nuevo-hampshire,2004,Febrero,4.1,
Nuevo-hampshire,2004,Enero,4.2,
Nuevo-hampshire,2005,Diciembre,3.6,
Nuevo-hampshire,2005,Noviembre,3.6,
Nuevo-hampshire,2005,Octubre,3.7,
Nuevo-hampshire,2005,Septiembre,3.7,
Nuevo-hampshire,2005,Agosto,3.7,
Nuevo-hampshire,2005,Julio,3.6,
Nuevo-hampshire,2005,Junio,3.6,
Nuevo-hampshire,2005,Mayo,3.6,
Nuevo-hampshire,2005,Abril,3.6,
Nuevo-hampshire,2005,Marzo,3.6,
Nuevo-hampshire,2005,Febrero,3.6,
Nuevo-hampshire,2005,Enero,3.6,
Nuevo-hampshire,2006,Diciembre,3.7,
Nuevo-hampshire,2006,Noviembre,3.7,
Nuevo-hampshire,2006,Octubre,3.7,
Nuevo-hampshire,2006,Septiembre,3.6,
Nuevo-hampshire,2006,Agosto,3.6,
Nuevo-hampshire,2006,Julio,3.5,
Nuevo-hampshire,2006,Junio,3.5,
Nuevo-hampshire,2006,Mayo,3.4,
Nuevo-hampshire,2006,Abril,3.4,
Nuevo-hampshire,2006,Marzo,3.4,
Nuevo-hampshire,2006,Febrero,3.4,
Nuevo-hampshire,2006,Enero,3.5,
Nuevo-hampshire,2007,Diciembre,3.4,
Nuevo-hampshire,2007,Noviembre,3.4,
Nuevo-hampshire,2007,Octubre,3.4,
Nuevo-hampshire,2007,Septiembre,3.4,
Nuevo-hampshire,2007,Agosto,3.4,
Nuevo-hampshire,2007,Julio,3.5,
Nuevo-hampshire,2007,Junio,3.5,
Nuevo-hampshire,2007,Mayo,3.6,
Nuevo-hampshire,2007,Abril,3.6,
Nuevo-hampshire,2007,Marzo,3.7,
Nuevo-hampshire,2007,Febrero,3.7,
Nuevo-hampshire,2007,Enero,3.7,
Nuevo-hampshire,2008,Diciembre,4.6,
Nuevo-hampshire,2008,Noviembre,4.3,
Nuevo-hampshire,2008,Octubre,4.1,
Nuevo-hampshire,2008,Septiembre,3.9,
Nuevo-hampshire,2008,Agosto,3.8,
Nuevo-hampshire,2008,Julio,3.7,
Nuevo-hampshire,2008,Junio,3.6,
Nuevo-hampshire,2008,Mayo,3.5,
Nuevo-hampshire,2008,Abril,3.5,
Nuevo-hampshire,2008,Marzo,3.4,
Nuevo-hampshire,2008,Febrero,3.4,
Nuevo-hampshire,2008,Enero,3.4,
Nuevo-hampshire,2009,Diciembre,6.7,
Nuevo-hampshire,2009,Noviembre,6.7,
Nuevo-hampshire,2009,Octubre,6.6,
Nuevo-hampshire,2009,Septiembre,6.5,
Nuevo-hampshire,2009,Agosto,6.5,
Nuevo-hampshire,2009,Julio,6.4,
Nuevo-hampshire,2009,Junio,6.3,
Nuevo-hampshire,2009,Mayo,6.1,
Nuevo-hampshire,2009,Abril,5.9,
Nuevo-hampshire,2009,Marzo,5.7,
Nuevo-hampshire,2009,Febrero,5.3,
Nuevo-hampshire,2009,Enero,5.0,
Nuevo-hampshire,2010,Diciembre,5.7,
Nuevo-hampshire,2010,Noviembre,5.8,
Nuevo-hampshire,2010,Octubre,5.8,
Nuevo-hampshire,2010,Septiembre,5.8,
Nuevo-hampshire,2010,Agosto,5.8,
Nuevo-hampshire,2010,Julio,5.9,
Nuevo-hampshire,2010,Junio,6.0,
Nuevo-hampshire,2010,Mayo,6.1,
Nuevo-hampshire,2010,Abril,6.3,
Nuevo-hampshire,2010,Marzo,6.5,
Nuevo-hampshire,2010,Febrero,6.6,
Nuevo-hampshire,2010,Enero,6.7,
Nueva-jersey,2000,Diciembre,3.7,
Nueva-jersey,2000,Noviembre,3.7,
Nueva-jersey,2000,Octubre,3.7,
Nueva-jersey,2000,Septiembre,3.7,
Nueva-jersey,2000,Agosto,3.6,
Nueva-jersey,2000,Julio,3.6,
Nueva-jersey,2000,Junio,3.6,
Nueva-jersey,2000,Mayo,3.5,
Nueva-jersey,2000,Abril,3.6,
Nueva-jersey,2000,Marzo,3.6,
Nueva-jersey,2000,Febrero,3.7,
Nueva-jersey,2000,Enero,3.8,
Nueva-jersey,2001,Diciembre,5.2,
Nueva-jersey,2001,Noviembre,5.0,
Nueva-jersey,2001,Octubre,4.8,
Nueva-jersey,2001,Septiembre,4.6,
Nueva-jersey,2001,Agosto,4.3,
Nueva-jersey,2001,Julio,4.1,
Nueva-jersey,2001,Junio,4.0,
Nueva-jersey,2001,Mayo,3.9,
Nueva-jersey,2001,Abril,3.8,
Nueva-jersey,2001,Marzo,3.7,
Nueva-jersey,2001,Febrero,3.7,
Nueva-jersey,2001,Enero,3.7,
Nueva-jersey,2002,Diciembre,5.9,
Nueva-jersey,2002,Noviembre,5.9,
Nueva-jersey,2002,Octubre,5.9,
Nueva-jersey,2002,Septiembre,5.8,
Nueva-jersey,2002,Agosto,5.8,
Nueva-jersey,2002,Julio,5.8,
Nueva-jersey,2002,Junio,5.8,
Nueva-jersey,2002,Mayo,5.8,
Nueva-jersey,2002,Abril,5.8,
Nueva-jersey,2002,Marzo,5.7,
Nueva-jersey,2002,Febrero,5.6,
Nueva-jersey,2002,Enero,5.4,
Nueva-jersey,2003,Diciembre,5.5,
Nueva-jersey,2003,Noviembre,5.6,
Nueva-jersey,2003,Octubre,5.7,
Nueva-jersey,2003,Septiembre,5.8,
Nueva-jersey,2003,Agosto,5.9,
Nueva-jersey,2003,Julio,6.0,
Nueva-jersey,2003,Junio,6.0,
Nueva-jersey,2003,Mayo,6.0,
Nueva-jersey,2003,Abril,5.9,
Nueva-jersey,2003,Marzo,5.9,
Nueva-jersey,2003,Febrero,5.9,
Nueva-jersey,2003,Enero,5.9,
Nueva-jersey,2004,Diciembre,4.4,
Nueva-jersey,2004,Noviembre,4.5,
Nueva-jersey,2004,Octubre,4.6,
Nueva-jersey,2004,Septiembre,4.7,
Nueva-jersey,2004,Agosto,4.8,
Nueva-jersey,2004,Julio,4.9,
Nueva-jersey,2004,Junio,5.0,
Nueva-jersey,2004,Mayo,5.1,
Nueva-jersey,2004,Abril,5.2,
Nueva-jersey,2004,Marzo,5.2,
Nueva-jersey,2004,Febrero,5.3,
Nueva-jersey,2004,Enero,5.4,
Nueva-jersey,2005,Diciembre,4.7,
Nueva-jersey,2005,Noviembre,4.7,
Nueva-jersey,2005,Octubre,4.6,
Nueva-jersey,2005,Septiembre,4.5,
Nueva-jersey,2005,Agosto,4.4,
Nueva-jersey,2005,Julio,4.3,
Nueva-jersey,2005,Junio,4.3,
Nueva-jersey,2005,Mayo,4.3,
Nueva-jersey,2005,Abril,4.3,
Nueva-jersey,2005,Marzo,4.4,
Nueva-jersey,2005,Febrero,4.4,
Nueva-jersey,2005,Enero,4.4,
Nueva-jersey,2006,Diciembre,4.2,
Nueva-jersey,2006,Noviembre,4.3,
Nueva-jersey,2006,Octubre,4.4,
Nueva-jersey,2006,Septiembre,4.5,
Nueva-jersey,2006,Agosto,4.6,
Nueva-jersey,2006,Julio,4.7,
Nueva-jersey,2006,Junio,4.8,
Nueva-jersey,2006,Mayo,4.8,
Nueva-jersey,2006,Abril,4.8,
Nueva-jersey,2006,Marzo,4.8,
Nueva-jersey,2006,Febrero,4.8,
Nueva-jersey,2006,Enero,4.7,
Nueva-jersey,2007,Diciembre,4.5,
Nueva-jersey,2007,Noviembre,4.4,
Nueva-jersey,2007,Octubre,4.3,
Nueva-jersey,2007,Septiembre,4.3,
Nueva-jersey,2007,Agosto,4.2,
Nueva-jersey,2007,Julio,4.2,
Nueva-jersey,2007,Junio,4.1,
Nueva-jersey,2007,Mayo,4.1,
Nueva-jersey,2007,Abril,4.1,
Nueva-jersey,2007,Marzo,4.1,
Nueva-jersey,2007,Febrero,4.1,
Nueva-jersey,2007,Enero,4.1,
Nueva-jersey,2008,Diciembre,6.9,
Nueva-jersey,2008,Noviembre,6.5,
Nueva-jersey,2008,Octubre,6.2,
Nueva-jersey,2008,Septiembre,5.9,
Nueva-jersey,2008,Agosto,5.6,
Nueva-jersey,2008,Julio,5.4,
Nueva-jersey,2008,Junio,5.2,
Nueva-jersey,2008,Mayo,5.0,
Nueva-jersey,2008,Abril,4.8,
Nueva-jersey,2008,Marzo,4.7,
Nueva-jersey,2008,Febrero,4.6,
Nueva-jersey,2008,Enero,4.6,
Nueva-jersey,2009,Diciembre,9.9,
Nueva-jersey,2009,Noviembre,9.9,
Nueva-jersey,2009,Octubre,9.8,
Nueva-jersey,2009,Septiembre,9.6,
Nueva-jersey,2009,Agosto,9.4,
Nueva-jersey,2009,Julio,9.2,
Nueva-jersey,2009,Junio,9.0,
Nueva-jersey,2009,Mayo,8.7,
Nueva-jersey,2009,Abril,8.5,
Nueva-jersey,2009,Marzo,8.1,
Nueva-jersey,2009,Febrero,7.8,
Nueva-jersey,2009,Enero,7.3,
Nueva-jersey,2010,Diciembre,9.5,
Nueva-jersey,2010,Noviembre,9.5,
Nueva-jersey,2010,Octubre,9.5,
Nueva-jersey,2010,Septiembre,9.5,
Nueva-jersey,2010,Agosto,9.5,
Nueva-jersey,2010,Julio,9.5,
Nueva-jersey,2010,Junio,9.6,
Nueva-jersey,2010,Mayo,9.7,
Nueva-jersey,2010,Abril,9.8,
Nueva-jersey,2010,Marzo,9.9,
Nueva-jersey,2010,Febrero,9.9,
Nueva-jersey,2010,Enero,10.0,
Nuevo-méxico,2000,Diciembre,5.0,
Nuevo-méxico,2000,Noviembre,5.0,
Nuevo-méxico,2000,Octubre,5.0,
Nuevo-méxico,2000,Septiembre,5.0,
Nuevo-méxico,2000,Agosto,5.0,
Nuevo-méxico,2000,Julio,5.0,
Nuevo-méxico,2000,Junio,5.0,
Nuevo-méxico,2000,Mayo,5.0,
Nuevo-méxico,2000,Abril,5.0,
Nuevo-méxico,2000,Marzo,5.0,
Nuevo-méxico,2000,Febrero,5.1,
Nuevo-méxico,2000,Enero,5.2,
Nuevo-méxico,2001,Diciembre,5.3,
Nuevo-méxico,2001,Noviembre,5.2,
Nuevo-méxico,2001,Octubre,5.1,
Nuevo-méxico,2001,Septiembre,4.9,
Nuevo-méxico,2001,Agosto,4.8,
Nuevo-méxico,2001,Julio,4.8,
Nuevo-méxico,2001,Junio,4.8,
Nuevo-méxico,2001,Mayo,4.8,
Nuevo-méxico,2001,Abril,4.9,
Nuevo-méxico,2001,Marzo,4.9,
Nuevo-méxico,2001,Febrero,5.0,
Nuevo-méxico,2001,Enero,5.0,
Nuevo-méxico,2002,Diciembre,5.5,
Nuevo-méxico,2002,Noviembre,5.5,
Nuevo-méxico,2002,Octubre,5.5,
Nuevo-méxico,2002,Septiembre,5.5,
Nuevo-méxico,2002,Agosto,5.5,
Nuevo-méxico,2002,Julio,5.5,
Nuevo-méxico,2002,Junio,5.5,
Nuevo-méxico,2002,Mayo,5.5,
Nuevo-méxico,2002,Abril,5.5,
Nuevo-méxico,2002,Marzo,5.5,
Nuevo-méxico,2002,Febrero,5.4,
Nuevo-méxico,2002,Enero,5.4,
Nuevo-méxico,2003,Diciembre,5.9,
Nuevo-méxico,2003,Noviembre,5.9,
Nuevo-méxico,2003,Octubre,6.0,
Nuevo-méxico,2003,Septiembre,6.1,
Nuevo-méxico,2003,Agosto,6.1,
Nuevo-méxico,2003,Julio,6.1,
Nuevo-méxico,2003,Junio,6.0,
Nuevo-méxico,2003,Mayo,5.9,
Nuevo-méxico,2003,Abril,5.8,
Nuevo-méxico,2003,Marzo,5.7,
Nuevo-méxico,2003,Febrero,5.7,
Nuevo-méxico,2003,Enero,5.6,
Nuevo-méxico,2004,Diciembre,5.5,
Nuevo-méxico,2004,Noviembre,5.5,
Nuevo-méxico,2004,Octubre,5.4,
Nuevo-méxico,2004,Septiembre,5.4,
Nuevo-méxico,2004,Agosto,5.4,
Nuevo-méxico,2004,Julio,5.5,
Nuevo-méxico,2004,Junio,5.5,
Nuevo-méxico,2004,Mayo,5.6,
Nuevo-méxico,2004,Abril,5.6,
Nuevo-méxico,2004,Marzo,5.7,
Nuevo-méxico,2004,Febrero,5.8,
Nuevo-méxico,2004,Enero,5.8,
Nuevo-méxico,2005,Diciembre,4.7,
Nuevo-méxico,2005,Noviembre,4.8,
Nuevo-méxico,2005,Octubre,4.9,
Nuevo-méxico,2005,Septiembre,5.0,
Nuevo-méxico,2005,Agosto,5.1,
Nuevo-méxico,2005,Julio,5.1,
Nuevo-méxico,2005,Junio,5.2,
Nuevo-méxico,2005,Mayo,5.3,
Nuevo-méxico,2005,Abril,5.4,
Nuevo-méxico,2005,Marzo,5.5,
Nuevo-méxico,2005,Febrero,5.6,
Nuevo-méxico,2005,Enero,5.6,
Nuevo-méxico,2006,Diciembre,3.8,
Nuevo-méxico,2006,Noviembre,4.0,
Nuevo-méxico,2006,Octubre,4.1,
Nuevo-méxico,2006,Septiembre,4.2,
Nuevo-méxico,2006,Agosto,4.3,
Nuevo-méxico,2006,Julio,4.3,
Nuevo-méxico,2006,Junio,4.3,
Nuevo-méxico,2006,Mayo,4.3,
Nuevo-méxico,2006,Abril,4.3,
Nuevo-méxico,2006,Marzo,4.3,
Nuevo-méxico,2006,Febrero,4.4,
Nuevo-méxico,2006,Enero,4.5,
Nuevo-méxico,2007,Diciembre,3.7,
Nuevo-méxico,2007,Noviembre,3.7,
Nuevo-méxico,2007,Octubre,3.6,
Nuevo-méxico,2007,Septiembre,3.5,
Nuevo-méxico,2007,Agosto,3.5,
Nuevo-méxico,2007,Julio,3.5,
Nuevo-méxico,2007,Junio,3.5,
Nuevo-méxico,2007,Mayo,3.5,
Nuevo-méxico,2007,Abril,3.6,
Nuevo-méxico,2007,Marzo,3.6,
Nuevo-méxico,2007,Febrero,3.7,
Nuevo-méxico,2007,Enero,3.7,
Nuevo-méxico,2008,Diciembre,5.4,
Nuevo-méxico,2008,Noviembre,5.0,
Nuevo-méxico,2008,Octubre,4.7,
Nuevo-méxico,2008,Septiembre,4.5,
Nuevo-méxico,2008,Agosto,4.4,
Nuevo-méxico,2008,Julio,4.2,
Nuevo-méxico,2008,Junio,4.1,
Nuevo-méxico,2008,Mayo,4.0,
Nuevo-méxico,2008,Abril,3.9,
Nuevo-méxico,2008,Marzo,3.8,
Nuevo-méxico,2008,Febrero,3.8,
Nuevo-méxico,2008,Enero,3.8,
Nuevo-méxico,2009,Diciembre,7.6,
Nuevo-méxico,2009,Noviembre,7.5,
Nuevo-méxico,2009,Octubre,7.5,
Nuevo-méxico,2009,Septiembre,7.4,
Nuevo-méxico,2009,Agosto,7.4,
Nuevo-méxico,2009,Julio,7.3,
Nuevo-méxico,2009,Junio,7.3,
Nuevo-méxico,2009,Mayo,7.1,
Nuevo-méxico,2009,Abril,6.9,
Nuevo-méxico,2009,Marzo,6.6,
Nuevo-méxico,2009,Febrero,6.2,
Nuevo-méxico,2009,Enero,5.8,
Nuevo-méxico,2010,Diciembre,7.5,
Nuevo-méxico,2010,Noviembre,7.6,
Nuevo-méxico,2010,Octubre,7.7,
Nuevo-méxico,2010,Septiembre,7.8,
Nuevo-méxico,2010,Agosto,7.8,
Nuevo-méxico,2010,Julio,7.8,
Nuevo-méxico,2010,Junio,7.8,
Nuevo-méxico,2010,Mayo,7.9,
Nuevo-méxico,2010,Abril,7.9,
Nuevo-méxico,2010,Marzo,7.9,
Nuevo-méxico,2010,Febrero,7.8,
Nuevo-méxico,2010,Enero,7.8,
Nevada,2000,Diciembre,4.5,NV
Nevada,2000,Noviembre,4.4,NV
Nevada,2000,Octubre,4.3,NV
Nevada,2000,Septiembre,4.2,NV
Nevada,2000,Agosto,4.2,NV
Nevada,2000,Julio,4.1,NV
Nevada,2000,Junio,4.0,NV
Nevada,2000,Mayo,4.0,NV
Nevada,2000,Abril,4.0,NV
Nevada,2000,Marzo,3.9,NV
Nevada,2000,Febrero,3.9,NV
Nevada,2000,Enero,3.9,NV
Nevada,2001,Diciembre,5.9,NV
Nevada,2001,Noviembre,5.8,NV
Nevada,2001,Octubre,5.7,NV
Nevada,2001,Septiembre,5.5,NV
Nevada,2001,Agosto,5.3,NV
Nevada,2001,Julio,5.2,NV
Nevada,2001,Junio,5.0,NV
Nevada,2001,Mayo,4.9,NV
Nevada,2001,Abril,4.9,NV
Nevada,2001,Marzo,4.8,NV
Nevada,2001,Febrero,4.7,NV
Nevada,2001,Enero,4.6,NV
Nevada,2002,Diciembre,5.5,NV
Nevada,2002,Noviembre,5.5,NV
Nevada,2002,Octubre,5.5,NV
Nevada,2002,Septiembre,5.5,NV
Nevada,2002,Agosto,5.6,NV
Nevada,2002,Julio,5.6,NV
Nevada,2002,Junio,5.7,NV
Nevada,2002,Mayo,5.8,NV
Nevada,2002,Abril,5.8,NV
Nevada,2002,Marzo,5.9,NV
Nevada,2002,Febrero,5.9,NV
Nevada,2002,Enero,5.9,NV
Nevada,2003,Diciembre,4.9,NV
Nevada,2003,Noviembre,5.0,NV
Nevada,2003,Octubre,5.1,NV
Nevada,2003,Septiembre,5.2,NV
Nevada,2003,Agosto,5.3,NV
Nevada,2003,Julio,5.4,NV
Nevada,2003,Junio,5.4,NV
Nevada,2003,Mayo,5.4,NV
Nevada,2003,Abril,5.4,NV
Nevada,2003,Marzo,5.4,NV
Nevada,2003,Febrero,5.4,NV
Nevada,2003,Enero,5.5,NV
Nevada,2004,Diciembre,4.3,NV
Nevada,2004,Noviembre,4.3,NV
Nevada,2004,Octubre,4.3,NV
Nevada,2004,Septiembre,4.3,NV
Nevada,2004,Agosto,4.3,NV
Nevada,2004,Julio,4.4,NV
Nevada,2004,Junio,4.4,NV
Nevada,2004,Mayo,4.5,NV
Nevada,2004,Abril,4.6,NV
Nevada,2004,Marzo,4.6,NV
Nevada,2004,Febrero,4.7,NV
Nevada,2004,Enero,4.8,NV
Nevada,2005,Diciembre,4.0,NV
Nevada,2005,Noviembre,4.0,NV
Nevada,2005,Octubre,4.1,NV
Nevada,2005,Septiembre,4.1,NV
Nevada,2005,Agosto,4.1,NV
Nevada,2005,Julio,4.1,NV
Nevada,2005,Junio,4.1,NV
Nevada,2005,Mayo,4.1,NV
Nevada,2005,Abril,4.2,NV
Nevada,2005,Marzo,4.2,NV
Nevada,2005,Febrero,4.2,NV
Nevada,2005,Enero,4.3,NV
Nevada,2006,Diciembre,4.1,NV
Nevada,2006,Noviembre,4.1,NV
Nevada,2006,Octubre,4.1,NV
Nevada,2006,Septiembre,4.1,NV
Nevada,2006,Agosto,4.1,NV
Nevada,2006,Julio,4.1,NV
Nevada,2006,Junio,4.1,NV
Nevada,2006,Mayo,4.1,NV
Nevada,2006,Abril,4.0,NV
Nevada,2006,Marzo,4.0,NV
Nevada,2006,Febrero,4.0,NV
Nevada,2006,Enero,4.0,NV
Nevada,2007,Diciembre,5.2,NV
Nevada,2007,Noviembre,5.1,NV
Nevada,2007,Octubre,5.0,NV
Nevada,2007,Septiembre,4.8,NV
Nevada,2007,Agosto,4.7,NV
Nevada,2007,Julio,4.6,NV
Nevada,2007,Junio,4.5,NV
Nevada,2007,Mayo,4.4,NV
Nevada,2007,Abril,4.3,NV
Nevada,2007,Marzo,4.2,NV
Nevada,2007,Febrero,4.2,NV
Nevada,2007,Enero,4.1,NV
Nevada,2008,Diciembre,9.2,NV
Nevada,2008,Noviembre,8.6,NV
Nevada,2008,Octubre,8.1,NV
Nevada,2008,Septiembre,7.6,NV
Nevada,2008,Agosto,7.2,NV
Nevada,2008,Julio,6.8,NV
Nevada,2008,Junio,6.5,NV
Nevada,2008,Mayo,6.2,NV
Nevada,2008,Abril,5.9,NV
Nevada,2008,Marzo,5.7,NV
Nevada,2008,Febrero,5.5,NV
Nevada,2008,Enero,5.3,NV
Nevada,2009,Diciembre,13.3,NV
Nevada,2009,Noviembre,13.0,NV
Nevada,2009,Octubre,12.8,NV
Nevada,2009,Septiembre,12.5,NV
Nevada,2009,Agosto,12.3,NV
Nevada,2009,Julio,12.0,NV
Nevada,2009,Junio,11.7,NV
Nevada,2009,Mayo,11.4,NV
Nevada,2009,Abril,11.1,NV
Nevada,2009,Marzo,10.7,NV
Nevada,2009,Febrero,10.2,NV
Nevada,2009,Enero,9.7,NV
Nevada,2010,Diciembre,13.8,NV
Nevada,2010,Noviembre,13.9,NV
Nevada,2010,Octubre,13.9,NV
Nevada,2010,Septiembre,13.8,NV
Nevada,2010,Agosto,13.7,NV
Nevada,2010,Julio,13.7,NV
Nevada,2010,Junio,13.7,NV
Nevada,2010,Mayo,13.7,NV
Nevada,2010,Abril,13.8,NV
Nevada,2010,Marzo,13.7,NV
Nevada,2010,Febrero,13.6,NV
Nevada,2010,Enero,13.5,NV
Nueva-york,2000,Diciembre,4.3,
Nueva-york,2000,Noviembre,4.3,
Nueva-york,2000,Octubre,4.4,
Nueva-york,2000,Septiembre,4.5,
Nueva-york,2000,Agosto,4.5,
Nueva-york,2000,Julio,4.5,
Nueva-york,2000,Junio,4.5,
Nueva-york,2000,Mayo,4.6,
Nueva-york,2000,Abril,4.6,
Nueva-york,2000,Marzo,4.6,
Nueva-york,2000,Febrero,4.6,
Nueva-york,2000,Enero,4.7,
Nueva-york,2001,Diciembre,6.0,
Nueva-york,2001,Noviembre,5.8,
Nueva-york,2001,Octubre,5.6,
Nueva-york,2001,Septiembre,5.3,
Nueva-york,2001,Agosto,5.0,
Nueva-york,2001,Julio,4.8,
Nueva-york,2001,Junio,4.6,
Nueva-york,2001,Mayo,4.4,
Nueva-york,2001,Abril,4.3,
Nueva-york,2001,Marzo,4.3,
Nueva-york,2001,Febrero,4.2,
Nueva-york,2001,Enero,4.2,
Nueva-york,2002,Diciembre,6.2,
Nueva-york,2002,Noviembre,6.2,
Nueva-york,2002,Octubre,6.1,
Nueva-york,2002,Septiembre,6.1,
Nueva-york,2002,Agosto,6.1,
Nueva-york,2002,Julio,6.1,
Nueva-york,2002,Junio,6.2,
Nueva-york,2002,Mayo,6.3,
Nueva-york,2002,Abril,6.3,
Nueva-york,2002,Marzo,6.3,
Nueva-york,2002,Febrero,6.3,
Nueva-york,2002,Enero,6.2,
Nueva-york,2003,Diciembre,6.3,
Nueva-york,2003,Noviembre,6.4,
Nueva-york,2003,Octubre,6.4,
Nueva-york,2003,Septiembre,6.5,
Nueva-york,2003,Agosto,6.5,
Nueva-york,2003,Julio,6.5,
Nueva-york,2003,Junio,6.5,
Nueva-york,2003,Mayo,6.4,
Nueva-york,2003,Abril,6.4,
Nueva-york,2003,Marzo,6.3,
Nueva-york,2003,Febrero,6.3,
Nueva-york,2003,Enero,6.3,
Nueva-york,2004,Diciembre,5.2,
Nueva-york,2004,Noviembre,5.3,
Nueva-york,2004,Octubre,5.4,
Nueva-york,2004,Septiembre,5.5,
Nueva-york,2004,Agosto,5.6,
Nueva-york,2004,Julio,5.7,
Nueva-york,2004,Junio,5.9,
Nueva-york,2004,Mayo,6.0,
Nueva-york,2004,Abril,6.1,
Nueva-york,2004,Marzo,6.2,
Nueva-york,2004,Febrero,6.3,
Nueva-york,2004,Enero,6.3,
Nueva-york,2005,Diciembre,4.9,
Nueva-york,2005,Noviembre,4.9,
Nueva-york,2005,Octubre,4.9,
Nueva-york,2005,Septiembre,5.0,
Nueva-york,2005,Agosto,5.0,
Nueva-york,2005,Julio,4.9,
Nueva-york,2005,Junio,4.9,
Nueva-york,2005,Mayo,4.9,
Nueva-york,2005,Abril,4.9,
Nueva-york,2005,Marzo,5.0,
Nueva-york,2005,Febrero,5.1,
Nueva-york,2005,Enero,5.1,
Nueva-york,2006,Diciembre,4.2,
Nueva-york,2006,Noviembre,4.3,
Nueva-york,2006,Octubre,4.3,
Nueva-york,2006,Septiembre,4.4,
Nueva-york,2006,Agosto,4.5,
Nueva-york,2006,Julio,4.5,
Nueva-york,2006,Junio,4.6,
Nueva-york,2006,Mayo,4.7,
Nueva-york,2006,Abril,4.7,
Nueva-york,2006,Marzo,4.7,
Nueva-york,2006,Febrero,4.7,
Nueva-york,2006,Enero,4.8,
Nueva-york,2007,Diciembre,4.7,
Nueva-york,2007,Noviembre,4.7,
Nueva-york,2007,Octubre,4.6,
Nueva-york,2007,Septiembre,4.6,
Nueva-york,2007,Agosto,4.5,
Nueva-york,2007,Julio,4.5,
Nueva-york,2007,Junio,4.4,
Nueva-york,2007,Mayo,4.3,
Nueva-york,2007,Abril,4.3,
Nueva-york,2007,Marzo,4.2,
Nueva-york,2007,Febrero,4.2,
Nueva-york,2007,Enero,4.2,
Nueva-york,2008,Diciembre,6.7,
Nueva-york,2008,Noviembre,6.3,
Nueva-york,2008,Octubre,6.0,
Nueva-york,2008,Septiembre,5.7,
Nueva-york,2008,Agosto,5.5,
Nueva-york,2008,Julio,5.3,
Nueva-york,2008,Junio,5.2,
Nueva-york,2008,Mayo,5.0,
Nueva-york,2008,Abril,4.9,
Nueva-york,2008,Marzo,4.8,
Nueva-york,2008,Febrero,4.8,
Nueva-york,2008,Enero,4.7,
Nueva-york,2009,Diciembre,9.0,
Nueva-york,2009,Noviembre,9.0,
Nueva-york,2009,Octubre,8.9,
Nueva-york,2009,Septiembre,8.8,
Nueva-york,2009,Agosto,8.7,
Nueva-york,2009,Julio,8.6,
Nueva-york,2009,Junio,8.5,
Nueva-york,2009,Mayo,8.3,
Nueva-york,2009,Abril,8.1,
Nueva-york,2009,Marzo,7.9,
Nueva-york,2009,Febrero,7.5,
Nueva-york,2009,Enero,7.1,
Nueva-york,2010,Diciembre,8.5,
Nueva-york,2010,Noviembre,8.5,
Nueva-york,2010,Octubre,8.6,
Nueva-york,2010,Septiembre,8.6,
Nueva-york,2010,Agosto,8.6,
Nueva-york,2010,Julio,8.6,
Nueva-york,2010,Junio,8.7,
Nueva-york,2010,Mayo,8.8,
Nueva-york,2010,Abril,8.8,
Nueva-york,2010,Marzo,8.9,
Nueva-york,2010,Febrero,9.0,
Nueva-york,2010,Enero,9.0,
Ohio,2000,Diciembre,3.9,OH
Ohio,2000,Noviembre,3.9,OH
Ohio,2000,Octubre,4.0,OH
Ohio,2000,Septiembre,4.1,OH
Ohio,2000,Agosto,4.1,OH
Ohio,2000,Julio,4.2,OH
Ohio,2000,Junio,4.2,OH
Ohio,2000,Mayo,4.2,OH
Ohio,2000,Abril,4.2,OH
Ohio,2000,Marzo,4.2,OH
Ohio,2000,Febrero,4.2,OH
Ohio,2000,Enero,4.2,OH
Ohio,2001,Diciembre,5.4,OH
Ohio,2001,Noviembre,5.2,OH
Ohio,2001,Octubre,5.0,OH
Ohio,2001,Septiembre,4.7,OH
Ohio,2001,Agosto,4.5,OH
Ohio,2001,Julio,4.3,OH
Ohio,2001,Junio,4.1,OH
Ohio,2001,Mayo,4.0,OH
Ohio,2001,Abril,3.9,OH
Ohio,2001,Marzo,3.8,OH
Ohio,2001,Febrero,3.8,OH
Ohio,2001,Enero,3.8,OH
Ohio,2002,Diciembre,5.9,OH
Ohio,2002,Noviembre,5.8,OH
Ohio,2002,Octubre,5.8,OH
Ohio,2002,Septiembre,5.8,OH
Ohio,2002,Agosto,5.8,OH
Ohio,2002,Julio,5.8,OH
Ohio,2002,Junio,5.8,OH
Ohio,2002,Mayo,5.9,OH
Ohio,2002,Abril,5.8,OH
Ohio,2002,Marzo,5.8,OH
Ohio,2002,Febrero,5.7,OH
Ohio,2002,Enero,5.6,OH
Ohio,2003,Diciembre,6.1,OH
Ohio,2003,Noviembre,6.1,OH
Ohio,2003,Octubre,6.1,OH
Ohio,2003,Septiembre,6.2,OH
Ohio,2003,Agosto,6.2,OH
Ohio,2003,Julio,6.3,OH
Ohio,2003,Junio,6.4,OH
Ohio,2003,Mayo,6.4,OH
Ohio,2003,Abril,6.3,OH
Ohio,2003,Marzo,6.3,OH
Ohio,2003,Febrero,6.2,OH
Ohio,2003,Enero,6.0,OH
Ohio,2004,Diciembre,6.4,OH
Ohio,2004,Noviembre,6.4,OH
Ohio,2004,Octubre,6.3,OH
Ohio,2004,Septiembre,6.3,OH
Ohio,2004,Agosto,6.3,OH
Ohio,2004,Julio,6.3,OH
Ohio,2004,Junio,6.2,OH
Ohio,2004,Mayo,6.2,OH
Ohio,2004,Abril,6.2,OH
Ohio,2004,Marzo,6.2,OH
Ohio,2004,Febrero,6.1,OH
Ohio,2004,Enero,6.1,OH
Ohio,2005,Diciembre,5.6,OH
Ohio,2005,Noviembre,5.7,OH
Ohio,2005,Octubre,5.7,OH
Ohio,2005,Septiembre,5.8,OH
Ohio,2005,Agosto,5.8,OH
Ohio,2005,Julio,5.8,OH
Ohio,2005,Junio,5.9,OH
Ohio,2005,Mayo,6.0,OH
Ohio,2005,Abril,6.1,OH
Ohio,2005,Marzo,6.2,OH
Ohio,2005,Febrero,6.3,OH
Ohio,2005,Enero,6.3,OH
Ohio,2006,Diciembre,5.4,OH
Ohio,2006,Noviembre,5.5,OH
Ohio,2006,Octubre,5.5,OH
Ohio,2006,Septiembre,5.5,OH
Ohio,2006,Agosto,5.5,OH
Ohio,2006,Julio,5.4,OH
Ohio,2006,Junio,5.4,OH
Ohio,2006,Mayo,5.3,OH
Ohio,2006,Abril,5.3,OH
Ohio,2006,Marzo,5.3,OH
Ohio,2006,Febrero,5.4,OH
Ohio,2006,Enero,5.5,OH
Ohio,2007,Diciembre,5.7,OH
Ohio,2007,Noviembre,5.7,OH
Ohio,2007,Octubre,5.7,OH
Ohio,2007,Septiembre,5.7,OH
Ohio,2007,Agosto,5.7,OH
Ohio,2007,Julio,5.7,OH
Ohio,2007,Junio,5.6,OH
Ohio,2007,Mayo,5.6,OH
Ohio,2007,Abril,5.5,OH
Ohio,2007,Marzo,5.5,OH
Ohio,2007,Febrero,5.5,OH
Ohio,2007,Enero,5.4,OH
Ohio,2008,Diciembre,8.1,OH
Ohio,2008,Noviembre,7.7,OH
Ohio,2008,Octubre,7.3,OH
Ohio,2008,Septiembre,7.1,OH
Ohio,2008,Agosto,6.9,OH
Ohio,2008,Julio,6.7,OH
Ohio,2008,Junio,6.4,OH
Ohio,2008,Mayo,6.2,OH
Ohio,2008,Abril,5.9,OH
Ohio,2008,Marzo,5.7,OH
Ohio,2008,Febrero,5.6,OH
Ohio,2008,Enero,5.6,OH
Ohio,2009,Diciembre,11.1,OH
Ohio,2009,Noviembre,10.9,OH
Ohio,2009,Octubre,10.8,OH
Ohio,2009,Septiembre,10.6,OH
Ohio,2009,Agosto,10.5,OH
Ohio,2009,Julio,10.4,OH
Ohio,2009,Junio,10.2,OH
Ohio,2009,Mayo,10.1,OH
Ohio,2009,Abril,9.9,OH
Ohio,2009,Marzo,9.5,OH
Ohio,2009,Febrero,9.1,OH
Ohio,2009,Enero,8.6,OH
Ohio,2010,Diciembre,9.5,OH
Ohio,2010,Noviembre,9.7,OH
Ohio,2010,Octubre,9.8,OH
Ohio,2010,Septiembre,9.9,OH
Ohio,2010,Agosto,9.9,OH
Ohio,2010,Julio,10.0,OH
Ohio,2010,Junio,10.2,OH
Ohio,2010,Mayo,10.4,OH
Ohio,2010,Abril,10.7,OH
Ohio,2010,Marzo,10.9,OH
Ohio,2010,Febrero,11.1,OH
Ohio,2010,Enero,11.1,OH
Oklahoma,2000,Diciembre,2.9,OK
Oklahoma,2000,Noviembre,2.9,OK
Oklahoma,2000,Octubre,2.9,OK
Oklahoma,2000,Septiembre,3.0,OK
Oklahoma,2000,Agosto,3.0,OK
Oklahoma,2000,Julio,3.0,OK
Oklahoma,2000,Junio,3.0,OK
Oklahoma,2000,Mayo,3.0,OK
Oklahoma,2000,Abril,3.0,OK
Oklahoma,2000,Marzo,3.0,OK
Oklahoma,2000,Febrero,3.1,OK
Oklahoma,2000,Enero,3.1,OK
Oklahoma,2001,Diciembre,4.5,OK
Oklahoma,2001,Noviembre,4.4,OK
Oklahoma,2001,Octubre,4.2,OK
Oklahoma,2001,Septiembre,4.0,OK
Oklahoma,2001,Agosto,3.8,OK
Oklahoma,2001,Julio,3.6,OK
Oklahoma,2001,Junio,3.4,OK
Oklahoma,2001,Mayo,3.3,OK
Oklahoma,2001,Abril,3.2,OK
Oklahoma,2001,Marzo,3.1,OK
Oklahoma,2001,Febrero,3.0,OK
Oklahoma,2001,Enero,3.0,OK
Oklahoma,2002,Diciembre,4.9,OK
Oklahoma,2002,Noviembre,4.8,OK
Oklahoma,2002,Octubre,4.7,OK
Oklahoma,2002,Septiembre,4.6,OK
Oklahoma,2002,Agosto,4.5,OK
Oklahoma,2002,Julio,4.5,OK
Oklahoma,2002,Junio,4.5,OK
Oklahoma,2002,Mayo,4.6,OK
Oklahoma,2002,Abril,4.6,OK
Oklahoma,2002,Marzo,4.6,OK
Oklahoma,2002,Febrero,4.6,OK
Oklahoma,2002,Enero,4.6,OK
Oklahoma,2003,Diciembre,5.1,OK
Oklahoma,2003,Noviembre,5.2,OK
Oklahoma,2003,Octubre,5.3,OK
Oklahoma,2003,Septiembre,5.5,OK
Oklahoma,2003,Agosto,5.6,OK
Oklahoma,2003,Julio,5.7,OK
Oklahoma,2003,Junio,5.7,OK
Oklahoma,2003,Mayo,5.6,OK
Oklahoma,2003,Abril,5.5,OK
Oklahoma,2003,Marzo,5.4,OK
Oklahoma,2003,Febrero,5.2,OK
Oklahoma,2003,Enero,5.1,OK
Oklahoma,2004,Diciembre,4.5,OK
Oklahoma,2004,Noviembre,4.5,OK
Oklahoma,2004,Octubre,4.5,OK
Oklahoma,2004,Septiembre,4.5,OK
Oklahoma,2004,Agosto,4.5,OK
Oklahoma,2004,Julio,4.6,OK
Oklahoma,2004,Junio,4.7,OK
Oklahoma,2004,Mayo,4.8,OK
Oklahoma,2004,Abril,4.9,OK
Oklahoma,2004,Marzo,4.9,OK
Oklahoma,2004,Febrero,5.0,OK
Oklahoma,2004,Enero,5.1,OK
Oklahoma,2005,Diciembre,4.1,OK
Oklahoma,2005,Noviembre,4.2,OK
Oklahoma,2005,Octubre,4.3,OK
Oklahoma,2005,Septiembre,4.3,OK
Oklahoma,2005,Agosto,4.3,OK
Oklahoma,2005,Julio,4.3,OK
Oklahoma,2005,Junio,4.3,OK
Oklahoma,2005,Mayo,4.3,OK
Oklahoma,2005,Abril,4.4,OK
Oklahoma,2005,Marzo,4.4,OK
Oklahoma,2005,Febrero,4.5,OK
Oklahoma,2005,Enero,4.5,OK
Oklahoma,2006,Diciembre,4.1,OK
Oklahoma,2006,Noviembre,4.0,OK
Oklahoma,2006,Octubre,4.0,OK
Oklahoma,2006,Septiembre,3.9,OK
Oklahoma,2006,Agosto,3.9,OK
Oklahoma,2006,Julio,3.9,OK
Oklahoma,2006,Junio,3.9,OK
Oklahoma,2006,Mayo,3.8,OK
Oklahoma,2006,Abril,3.8,OK
Oklahoma,2006,Marzo,3.8,OK
Oklahoma,2006,Febrero,3.9,OK
Oklahoma,2006,Enero,4.0,OK
Oklahoma,2007,Diciembre,3.6,OK
Oklahoma,2007,Noviembre,3.7,OK
Oklahoma,2007,Octubre,3.9,OK
Oklahoma,2007,Septiembre,3.9,OK
Oklahoma,2007,Agosto,4.0,OK
Oklahoma,2007,Julio,4.0,OK
Oklahoma,2007,Junio,4.0,OK
Oklahoma,2007,Mayo,4.1,OK
Oklahoma,2007,Abril,4.1,OK
Oklahoma,2007,Marzo,4.1,OK
Oklahoma,2007,Febrero,4.1,OK
Oklahoma,2007,Enero,4.1,OK
Oklahoma,2008,Diciembre,4.7,OK
Oklahoma,2008,Noviembre,4.2,OK
Oklahoma,2008,Octubre,3.9,OK
Oklahoma,2008,Septiembre,3.7,OK
Oklahoma,2008,Agosto,3.6,OK
Oklahoma,2008,Julio,3.5,OK
Oklahoma,2008,Junio,3.4,OK
Oklahoma,2008,Mayo,3.3,OK
Oklahoma,2008,Abril,3.2,OK
Oklahoma,2008,Marzo,3.2,OK
Oklahoma,2008,Febrero,3.3,OK
Oklahoma,2008,Enero,3.4,OK
Oklahoma,2009,Diciembre,7.0,OK
Oklahoma,2009,Noviembre,7.0,OK
Oklahoma,2009,Octubre,6.9,OK
Oklahoma,2009,Septiembre,6.9,OK
Oklahoma,2009,Agosto,6.9,OK
Oklahoma,2009,Julio,6.9,OK
Oklahoma,2009,Junio,6.9,OK
Oklahoma,2009,Mayo,6.7,OK
Oklahoma,2009,Abril,6.5,OK
Oklahoma,2009,Marzo,6.1,OK
Oklahoma,2009,Febrero,5.7,OK
Oklahoma,2009,Enero,5.2,OK
Oklahoma,2010,Diciembre,6.1,OK
Oklahoma,2010,Noviembre,6.2,OK
Oklahoma,2010,Octubre,6.3,OK
Oklahoma,2010,Septiembre,6.3,OK
Oklahoma,2010,Agosto,6.3,OK
Oklahoma,2010,Julio,6.4,OK
Oklahoma,2010,Junio,6.4,OK
Oklahoma,2010,Mayo,6.6,OK
Oklahoma,2010,Abril,6.7,OK
Oklahoma,2010,Marzo,6.8,OK
Oklahoma,2010,Febrero,6.9,OK
Oklahoma,2010,Enero,7.0,OK
Oregón,2000,Diciembre,5.2,
Oregón,2000,Noviembre,5.2,
Oregón,2000,Octubre,5.3,
Oregón,2000,Septiembre,5.3,
Oregón,2000,Agosto,5.3,
Oregón,2000,Julio,5.3,
Oregón,2000,Junio,5.3,
Oregón,2000,Mayo,5.2,
Oregón,2000,Abril,5.1,
Oregón,2000,Marzo,5.1,
Oregón,2000,Febrero,5.0,
Oregón,2000,Enero,5.0,
Oregón,2001,Diciembre,7.8,
Oregón,2001,Noviembre,7.6,
Oregón,2001,Octubre,7.3,
Oregón,2001,Septiembre,6.9,
Oregón,2001,Agosto,6.5,
Oregón,2001,Julio,6.3,
Oregón,2001,Junio,6.1,
Oregón,2001,Mayo,5.9,
Oregón,2001,Abril,5.8,
Oregón,2001,Marzo,5.6,
Oregón,2001,Febrero,5.4,
Oregón,2001,Enero,5.3,
Oregón,2002,Diciembre,7.5,
Oregón,2002,Noviembre,7.4,
Oregón,2002,Octubre,7.3,
Oregón,2002,Septiembre,7.2,
Oregón,2002,Agosto,7.2,
Oregón,2002,Julio,7.2,
Oregón,2002,Junio,7.3,
Oregón,2002,Mayo,7.4,
Oregón,2002,Abril,7.6,
Oregón,2002,Marzo,7.8,
Oregón,2002,Febrero,7.9,
Oregón,2002,Enero,7.9,
Oregón,2003,Diciembre,7.7,
Oregón,2003,Noviembre,7.8,
Oregón,2003,Octubre,7.9,
Oregón,2003,Septiembre,8.0,
Oregón,2003,Agosto,8.2,
Oregón,2003,Julio,8.3,
Oregón,2003,Junio,8.4,
Oregón,2003,Mayo,8.3,
Oregón,2003,Abril,8.2,
Oregón,2003,Marzo,8.0,
Oregón,2003,Febrero,7.8,
Oregón,2003,Enero,7.6,
Oregón,2004,Diciembre,6.8,
Oregón,2004,Noviembre,6.9,
Oregón,2004,Octubre,7.1,
Oregón,2004,Septiembre,7.2,
Oregón,2004,Agosto,7.3,
Oregón,2004,Julio,7.3,
Oregón,2004,Junio,7.4,
Oregón,2004,Mayo,7.5,
Oregón,2004,Abril,7.6,
Oregón,2004,Marzo,7.6,
Oregón,2004,Febrero,7.7,
Oregón,2004,Enero,7.7,
Oregón,2005,Diciembre,5.8,
Oregón,2005,Noviembre,5.9,
Oregón,2005,Octubre,6.0,
Oregón,2005,Septiembre,6.1,
Oregón,2005,Agosto,6.1,
Oregón,2005,Julio,6.2,
Oregón,2005,Junio,6.2,
Oregón,2005,Mayo,6.2,
Oregón,2005,Abril,6.3,
Oregón,2005,Marzo,6.4,
Oregón,2005,Febrero,6.5,
Oregón,2005,Enero,6.6,
Oregón,2006,Diciembre,5.2,
Oregón,2006,Noviembre,5.3,
Oregón,2006,Octubre,5.4,
Oregón,2006,Septiembre,5.4,
Oregón,2006,Agosto,5.4,
Oregón,2006,Julio,5.4,
Oregón,2006,Junio,5.4,
Oregón,2006,Mayo,5.3,
Oregón,2006,Abril,5.4,
Oregón,2006,Marzo,5.4,
Oregón,2006,Febrero,5.5,
Oregón,2006,Enero,5.6,
Oregón,2007,Diciembre,5.2,
Oregón,2007,Noviembre,5.3,
Oregón,2007,Octubre,5.4,
Oregón,2007,Septiembre,5.3,
Oregón,2007,Agosto,5.3,
Oregón,2007,Julio,5.2,
Oregón,2007,Junio,5.1,
Oregón,2007,Mayo,5.0,
Oregón,2007,Abril,5.0,
Oregón,2007,Marzo,5.0,
Oregón,2007,Febrero,5.0,
Oregón,2007,Enero,5.1,
Oregón,2008,Diciembre,8.9,
Oregón,2008,Noviembre,8.1,
Oregón,2008,Octubre,7.4,
Oregón,2008,Septiembre,6.9,
Oregón,2008,Agosto,6.4,
Oregón,2008,Julio,6.0,
Oregón,2008,Junio,5.7,
Oregón,2008,Mayo,5.4,
Oregón,2008,Abril,5.2,
Oregón,2008,Marzo,5.1,
Oregón,2008,Febrero,5.1,
Oregón,2008,Enero,5.1,
Oregón,2009,Diciembre,10.7,
Oregón,2009,Noviembre,10.7,
Oregón,2009,Octubre,10.6,
Oregón,2009,Septiembre,10.7,
Oregón,2009,Agosto,10.8,
Oregón,2009,Julio,11.0,
Oregón,2009,Junio,11.2,
Oregón,2009,Mayo,11.3,
Oregón,2009,Abril,11.3,
Oregón,2009,Marzo,11.0,
Oregón,2009,Febrero,10.5,
Oregón,2009,Enero,9.7,
Oregón,2010,Diciembre,10.3,
Oregón,2010,Noviembre,10.5,
Oregón,2010,Octubre,10.6,
Oregón,2010,Septiembre,10.6,
Oregón,2010,Agosto,10.6,
Oregón,2010,Julio,10.7,
Oregón,2010,Junio,10.7,
Oregón,2010,Mayo,10.8,
Oregón,2010,Abril,10.9,
Oregón,2010,Marzo,10.9,
Oregón,2010,Febrero,10.9,
Oregón,2010,Enero,10.8,
Pensilvania,2000,Diciembre,4.3,
Pensilvania,2000,Noviembre,4.3,
Pensilvania,2000,Octubre,4.3,
Pensilvania,2000,Septiembre,4.3,
Pensilvania,2000,Agosto,4.3,
Pensilvania,2000,Julio,4.3,
Pensilvania,2000,Junio,4.2,
Pensilvania,2000,Mayo,4.2,
Pensilvania,2000,Abril,4.1,
Pensilvania,2000,Marzo,4.1,
Pensilvania,2000,Febrero,4.1,
Pensilvania,2000,Enero,4.2,
Pensilvania,2001,Diciembre,5.5,
Pensilvania,2001,Noviembre,5.3,
Pensilvania,2001,Octubre,5.2,
Pensilvania,2001,Septiembre,5.0,
Pensilvania,2001,Agosto,4.9,
Pensilvania,2001,Julio,4.8,
Pensilvania,2001,Junio,4.7,
Pensilvania,2001,Mayo,4.6,
Pensilvania,2001,Abril,4.5,
Pensilvania,2001,Marzo,4.5,
Pensilvania,2001,Febrero,4.4,
Pensilvania,2001,Enero,4.3,
Pensilvania,2002,Diciembre,5.7,
Pensilvania,2002,Noviembre,5.6,
Pensilvania,2002,Octubre,5.5,
Pensilvania,2002,Septiembre,5.5,
Pensilvania,2002,Agosto,5.4,
Pensilvania,2002,Julio,5.4,
Pensilvania,2002,Junio,5.5,
Pensilvania,2002,Mayo,5.5,
Pensilvania,2002,Abril,5.6,
Pensilvania,2002,Marzo,5.6,
Pensilvania,2002,Febrero,5.6,
Pensilvania,2002,Enero,5.5,
Pensilvania,2003,Diciembre,5.5,
Pensilvania,2003,Noviembre,5.5,
Pensilvania,2003,Octubre,5.6,
Pensilvania,2003,Septiembre,5.6,
Pensilvania,2003,Agosto,5.7,
Pensilvania,2003,Julio,5.7,
Pensilvania,2003,Junio,5.8,
Pensilvania,2003,Mayo,5.8,
Pensilvania,2003,Abril,5.8,
Pensilvania,2003,Marzo,5.8,
Pensilvania,2003,Febrero,5.8,
Pensilvania,2003,Enero,5.8,
Pensilvania,2004,Diciembre,5.2,
Pensilvania,2004,Noviembre,5.3,
Pensilvania,2004,Octubre,5.3,
Pensilvania,2004,Septiembre,5.3,
Pensilvania,2004,Agosto,5.4,
Pensilvania,2004,Julio,5.4,
Pensilvania,2004,Junio,5.4,
Pensilvania,2004,Mayo,5.4,
Pensilvania,2004,Abril,5.4,
Pensilvania,2004,Marzo,5.4,
Pensilvania,2004,Febrero,5.4,
Pensilvania,2004,Enero,5.4,
Pensilvania,2005,Diciembre,4.8,
Pensilvania,2005,Noviembre,4.9,
Pensilvania,2005,Octubre,4.9,
Pensilvania,2005,Septiembre,4.9,
Pensilvania,2005,Agosto,4.9,
Pensilvania,2005,Julio,4.9,
Pensilvania,2005,Junio,4.9,
Pensilvania,2005,Mayo,5.0,
Pensilvania,2005,Abril,5.1,
Pensilvania,2005,Marzo,5.1,
Pensilvania,2005,Febrero,5.2,
Pensilvania,2005,Enero,5.2,
Pensilvania,2006,Diciembre,4.5,
Pensilvania,2006,Noviembre,4.6,
Pensilvania,2006,Octubre,4.7,
Pensilvania,2006,Septiembre,4.7,
Pensilvania,2006,Agosto,4.8,
Pensilvania,2006,Julio,4.8,
Pensilvania,2006,Junio,4.8,
Pensilvania,2006,Mayo,4.7,
Pensilvania,2006,Abril,4.7,
Pensilvania,2006,Marzo,4.7,
Pensilvania,2006,Febrero,4.7,
Pensilvania,2006,Enero,4.8,
Pensilvania,2007,Diciembre,4.8,
Pensilvania,2007,Noviembre,4.8,
Pensilvania,2007,Octubre,4.8,
Pensilvania,2007,Septiembre,4.7,
Pensilvania,2007,Agosto,4.6,
Pensilvania,2007,Julio,4.5,
Pensilvania,2007,Junio,4.5,
Pensilvania,2007,Mayo,4.4,
Pensilvania,2007,Abril,4.4,
Pensilvania,2007,Marzo,4.4,
Pensilvania,2007,Febrero,4.4,
Pensilvania,2007,Enero,4.4,
Pensilvania,2008,Diciembre,6.6,
Pensilvania,2008,Noviembre,6.2,
Pensilvania,2008,Octubre,5.8,
Pensilvania,2008,Septiembre,5.5,
Pensilvania,2008,Agosto,5.4,
Pensilvania,2008,Julio,5.2,
Pensilvania,2008,Junio,5.1,
Pensilvania,2008,Mayo,5.0,
Pensilvania,2008,Abril,4.9,
Pensilvania,2008,Marzo,4.9,
Pensilvania,2008,Febrero,4.8,
Pensilvania,2008,Enero,4.8,
Pensilvania,2009,Diciembre,8.3,
Pensilvania,2009,Noviembre,8.2,
Pensilvania,2009,Octubre,8.2,
Pensilvania,2009,Septiembre,8.2,
Pensilvania,2009,Agosto,8.2,
Pensilvania,2009,Julio,8.2,
Pensilvania,2009,Junio,8.2,
Pensilvania,2009,Mayo,8.1,
Pensilvania,2009,Abril,8.0,
Pensilvania,2009,Marzo,7.7,
Pensilvania,2009,Febrero,7.4,
Pensilvania,2009,Enero,7.0,
Pensilvania,2010,Diciembre,7.9,
Pensilvania,2010,Noviembre,7.9,
Pensilvania,2010,Octubre,8.0,
Pensilvania,2010,Septiembre,8.0,
Pensilvania,2010,Agosto,8.0,
Pensilvania,2010,Julio,8.0,
Pensilvania,2010,Junio,8.1,
Pensilvania,2010,Mayo,8.3,
Pensilvania,2010,Abril,8.4,
Pensilvania,2010,Marzo,8.5,
Pensilvania,2010,Febrero,8.5,
Pensilvania,2010,Enero,8.4,
Rhode-island,2000,Diciembre,3.9,
Rhode-island,2000,Noviembre,3.8,
Rhode-island,2000,Octubre,3.8,
Rhode-island,2000,Septiembre,3.9,
Rhode-island,2000,Agosto,4.0,
Rhode-island,2000,Julio,4.0,
Rhode-island,2000,Junio,4.0,
Rhode-island,2000,Mayo,4.0,
Rhode-island,2000,Abril,4.1,
Rhode-island,2000,Marzo,4.1,
Rhode-island,2000,Febrero,4.2,
Rhode-island,2000,Enero,4.2,
Rhode-island,2001,Diciembre,4.7,
Rhode-island,2001,Noviembre,4.7,
Rhode-island,2001,Octubre,4.6,
Rhode-island,2001,Septiembre,4.5,
Rhode-island,2001,Agosto,4.5,
Rhode-island,2001,Julio,4.5,
Rhode-island,2001,Junio,4.5,
Rhode-island,2001,Mayo,4.5,
Rhode-island,2001,Abril,4.4,
Rhode-island,2001,Marzo,4.3,
Rhode-island,2001,Febrero,4.1,
Rhode-island,2001,Enero,4.0,
Rhode-island,2002,Diciembre,5.7,
Rhode-island,2002,Noviembre,5.6,
Rhode-island,2002,Octubre,5.5,
Rhode-island,2002,Septiembre,5.4,
Rhode-island,2002,Agosto,5.2,
Rhode-island,2002,Julio,5.0,
Rhode-island,2002,Junio,4.9,
Rhode-island,2002,Mayo,4.8,
Rhode-island,2002,Abril,4.8,
Rhode-island,2002,Marzo,4.8,
Rhode-island,2002,Febrero,4.8,
Rhode-island,2002,Enero,4.8,
Rhode-island,2003,Diciembre,5.5,
Rhode-island,2003,Noviembre,5.4,
Rhode-island,2003,Octubre,5.4,
Rhode-island,2003,Septiembre,5.5,
Rhode-island,2003,Agosto,5.5,
Rhode-island,2003,Julio,5.6,
Rhode-island,2003,Junio,5.6,
Rhode-island,2003,Mayo,5.6,
Rhode-island,2003,Abril,5.7,
Rhode-island,2003,Marzo,5.7,
Rhode-island,2003,Febrero,5.7,
Rhode-island,2003,Enero,5.7,
Rhode-island,2004,Diciembre,4.8,
Rhode-island,2004,Noviembre,4.8,
Rhode-island,2004,Octubre,4.8,
Rhode-island,2004,Septiembre,4.9,
Rhode-island,2004,Agosto,5.1,
Rhode-island,2004,Julio,5.3,
Rhode-island,2004,Junio,5.4,
Rhode-island,2004,Mayo,5.6,
Rhode-island,2004,Abril,5.6,
Rhode-island,2004,Marzo,5.6,
Rhode-island,2004,Febrero,5.6,
Rhode-island,2004,Enero,5.5,
Rhode-island,2005,Diciembre,5.4,
Rhode-island,2005,Noviembre,5.4,
Rhode-island,2005,Octubre,5.4,
Rhode-island,2005,Septiembre,5.4,
Rhode-island,2005,Agosto,5.3,
Rhode-island,2005,Julio,5.1,
Rhode-island,2005,Junio,5.0,
Rhode-island,2005,Mayo,4.9,
Rhode-island,2005,Abril,4.9,
Rhode-island,2005,Marzo,4.9,
Rhode-island,2005,Febrero,4.8,
Rhode-island,2005,Enero,4.8,
Rhode-island,2006,Diciembre,4.9,
Rhode-island,2006,Noviembre,5.0,
Rhode-island,2006,Octubre,5.1,
Rhode-island,2006,Septiembre,5.2,
Rhode-island,2006,Agosto,5.3,
Rhode-island,2006,Julio,5.3,
Rhode-island,2006,Junio,5.3,
Rhode-island,2006,Mayo,5.3,
Rhode-island,2006,Abril,5.3,
Rhode-island,2006,Marzo,5.3,
Rhode-island,2006,Febrero,5.3,
Rhode-island,2006,Enero,5.3,
Rhode-island,2007,Diciembre,5.9,
Rhode-island,2007,Noviembre,5.7,
Rhode-island,2007,Octubre,5.5,
Rhode-island,2007,Septiembre,5.4,
Rhode-island,2007,Agosto,5.2,
Rhode-island,2007,Julio,5.0,
Rhode-island,2007,Junio,4.9,
Rhode-island,2007,Mayo,4.8,
Rhode-island,2007,Abril,4.7,
Rhode-island,2007,Marzo,4.7,
Rhode-island,2007,Febrero,4.7,
Rhode-island,2007,Enero,4.8,
Rhode-island,2008,Diciembre,9.7,
Rhode-island,2008,Noviembre,9.2,
Rhode-island,2008,Octubre,8.7,
Rhode-island,2008,Septiembre,8.4,
Rhode-island,2008,Agosto,8.0,
Rhode-island,2008,Julio,7.7,
Rhode-island,2008,Junio,7.3,
Rhode-island,2008,Mayo,7.0,
Rhode-island,2008,Abril,6.6,
Rhode-island,2008,Marzo,6.4,
Rhode-island,2008,Febrero,6.2,
Rhode-island,2008,Enero,6.0,
Rhode-island,2009,Diciembre,11.8,
Rhode-island,2009,Noviembre,11.7,
Rhode-island,2009,Octubre,11.7,
Rhode-island,2009,Septiembre,11.6,
Rhode-island,2009,Agosto,11.6,
Rhode-island,2009,Julio,11.6,
Rhode-island,2009,Junio,11.6,
Rhode-island,2009,Mayo,11.6,
Rhode-island,2009,Abril,11.4,
Rhode-island,2009,Marzo,11.2,
Rhode-island,2009,Febrero,10.7,
Rhode-island,2009,Enero,10.2,
Rhode-island,2010,Diciembre,11.4,
Rhode-island,2010,Noviembre,11.5,
Rhode-island,2010,Octubre,11.5,
Rhode-island,2010,Septiembre,11.5,
Rhode-island,2010,Agosto,11.5,
Rhode-island,2010,Julio,11.5,
Rhode-island,2010,Junio,11.6,
Rhode-island,2010,Mayo,11.7,
Rhode-island,2010,Abril,11.8,
Rhode-island,2010,Marzo,11.8,
Rhode-island,2010,Febrero,11.9,
Rhode-island,2010,Enero,11.8,
Carolina-del-sur,2000,Diciembre,3.9,
Carolina-del-sur,2000,Noviembre,3.6,
Carolina-del-sur,2000,Octubre,3.6,
Carolina-del-sur,2000,Septiembre,3.6,
Carolina-del-sur,2000,Agosto,3.6,
Carolina-del-sur,2000,Julio,3.7,
Carolina-del-sur,2000,Junio,3.7,
Carolina-del-sur,2000,Mayo,3.7,
Carolina-del-sur,2000,Abril,3.7,
Carolina-del-sur,2000,Marzo,3.8,
Carolina-del-sur,2000,Febrero,3.9,
Carolina-del-sur,2000,Enero,4.0,
Carolina-del-sur,2001,Diciembre,6.2,
Carolina-del-sur,2001,Noviembre,6.1,
Carolina-del-sur,2001,Octubre,6.0,
Carolina-del-sur,2001,Septiembre,5.8,
Carolina-del-sur,2001,Agosto,5.6,
Carolina-del-sur,2001,Julio,5.4,
Carolina-del-sur,2001,Junio,5.2,
Carolina-del-sur,2001,Mayo,5.0,
Carolina-del-sur,2001,Abril,4.9,
Carolina-del-sur,2001,Marzo,4.7,
Carolina-del-sur,2001,Febrero,4.4,
Carolina-del-sur,2001,Enero,4.1,
Carolina-del-sur,2002,Diciembre,6.8,
Carolina-del-sur,2002,Noviembre,6.7,
Carolina-del-sur,2002,Octubre,6.6,
Carolina-del-sur,2002,Septiembre,6.4,
Carolina-del-sur,2002,Agosto,6.4,
Carolina-del-sur,2002,Julio,6.3,
Carolina-del-sur,2002,Junio,6.3,
Carolina-del-sur,2002,Mayo,6.3,
Carolina-del-sur,2002,Abril,6.4,
Carolina-del-sur,2002,Marzo,6.4,
Carolina-del-sur,2002,Febrero,6.3,
Carolina-del-sur,2002,Enero,6.3,
Carolina-del-sur,2003,Diciembre,7.2,
Carolina-del-sur,2003,Noviembre,7.2,
Carolina-del-sur,2003,Octubre,7.3,
Carolina-del-sur,2003,Septiembre,7.4,
Carolina-del-sur,2003,Agosto,7.4,
Carolina-del-sur,2003,Julio,7.4,
Carolina-del-sur,2003,Junio,7.3,
Carolina-del-sur,2003,Mayo,7.2,
Carolina-del-sur,2003,Abril,7.1,
Carolina-del-sur,2003,Marzo,7.0,
Carolina-del-sur,2003,Febrero,6.9,
Carolina-del-sur,2003,Enero,6.9,
Carolina-del-sur,2004,Diciembre,7.5,
Carolina-del-sur,2004,Noviembre,7.5,
Carolina-del-sur,2004,Octubre,7.5,
Carolina-del-sur,2004,Septiembre,7.5,
Carolina-del-sur,2004,Agosto,7.5,
Carolina-del-sur,2004,Julio,7.5,
Carolina-del-sur,2004,Junio,7.5,
Carolina-del-sur,2004,Mayo,7.5,
Carolina-del-sur,2004,Abril,7.4,
Carolina-del-sur,2004,Marzo,7.4,
Carolina-del-sur,2004,Febrero,7.3,
Carolina-del-sur,2004,Enero,7.2,
Carolina-del-sur,2005,Diciembre,7.2,
Carolina-del-sur,2005,Noviembre,7.2,
Carolina-del-sur,2005,Octubre,7.3,
Carolina-del-sur,2005,Septiembre,7.3,
Carolina-del-sur,2005,Agosto,7.2,
Carolina-del-sur,2005,Julio,7.2,
Carolina-del-sur,2005,Junio,7.2,
Carolina-del-sur,2005,Mayo,7.2,
Carolina-del-sur,2005,Abril,7.3,
Carolina-del-sur,2005,Marzo,7.4,
Carolina-del-sur,2005,Febrero,7.5,
Carolina-del-sur,2005,Enero,7.5,
Carolina-del-sur,2006,Diciembre,6.5,
Carolina-del-sur,2006,Noviembre,6.6,
Carolina-del-sur,2006,Octubre,6.7,
Carolina-del-sur,2006,Septiembre,6.8,
Carolina-del-sur,2006,Agosto,6.8,
Carolina-del-sur,2006,Julio,6.9,
Carolina-del-sur,2006,Junio,7.0,
Carolina-del-sur,2006,Mayo,7.0,
Carolina-del-sur,2006,Abril,7.0,
Carolina-del-sur,2006,Marzo,7.0,
Carolina-del-sur,2006,Febrero,7.1,
Carolina-del-sur,2006,Enero,7.1,
Carolina-del-sur,2007,Diciembre,5.9,
Carolina-del-sur,2007,Noviembre,6.0,
Carolina-del-sur,2007,Octubre,6.0,
Carolina-del-sur,2007,Septiembre,6.0,
Carolina-del-sur,2007,Agosto,6.0,
Carolina-del-sur,2007,Julio,5.9,
Carolina-del-sur,2007,Junio,6.0,
Carolina-del-sur,2007,Mayo,6.0,
Carolina-del-sur,2007,Abril,6.1,
Carolina-del-sur,2007,Marzo,6.2,
Carolina-del-sur,2007,Febrero,6.3,
Carolina-del-sur,2007,Enero,6.4,
Carolina-del-sur,2008,Diciembre,9.4,
Carolina-del-sur,2008,Noviembre,8.9,
Carolina-del-sur,2008,Octubre,8.4,
Carolina-del-sur,2008,Septiembre,8.0,
Carolina-del-sur,2008,Agosto,7.6,
Carolina-del-sur,2008,Julio,7.3,
Carolina-del-sur,2008,Junio,6.9,
Carolina-del-sur,2008,Mayo,6.6,
Carolina-del-sur,2008,Abril,6.3,
Carolina-del-sur,2008,Marzo,6.1,
Carolina-del-sur,2008,Febrero,6.0,
Carolina-del-sur,2008,Enero,6.0,
Carolina-del-sur,2009,Diciembre,12.1,
Carolina-del-sur,2009,Noviembre,12.0,
Carolina-del-sur,2009,Octubre,12.0,
Carolina-del-sur,2009,Septiembre,11.9,
Carolina-del-sur,2009,Agosto,11.8,
Carolina-del-sur,2009,Julio,11.6,
Carolina-del-sur,2009,Junio,11.5,
Carolina-del-sur,2009,Mayo,11.4,
Carolina-del-sur,2009,Abril,11.2,
Carolina-del-sur,2009,Marzo,10.9,
Carolina-del-sur,2009,Febrero,10.5,
Carolina-del-sur,2009,Enero,10.0,
Carolina-del-sur,2010,Diciembre,10.9,
Carolina-del-sur,2010,Noviembre,10.9,
Carolina-del-sur,2010,Octubre,11.0,
Carolina-del-sur,2010,Septiembre,11.1,
Carolina-del-sur,2010,Agosto,11.1,
Carolina-del-sur,2010,Julio,11.1,
Carolina-del-sur,2010,Junio,11.2,
Carolina-del-sur,2010,Mayo,11.3,
Carolina-del-sur,2010,Abril,11.5,
Carolina-del-sur,2010,Marzo,11.7,
Carolina-del-sur,2010,Febrero,11.8,
Carolina-del-sur,2010,Enero,12.0,
Dakota-del-sur,2000,Diciembre,2.7,
Dakota-del-sur,2000,Noviembre,2.7,
Dakota-del-sur,2000,Octubre,2.6,
Dakota-del-sur,2000,Septiembre,2.6,
Dakota-del-sur,2000,Agosto,2.6,
Dakota-del-sur,2000,Julio,2.5,
Dakota-del-sur,2000,Junio,2.5,
Dakota-del-sur,2000,Mayo,2.5,
Dakota-del-sur,2000,Abril,2.4,
Dakota-del-sur,2000,Marzo,2.4,
Dakota-del-sur,2000,Febrero,2.4,
Dakota-del-sur,2000,Enero,2.5,
Dakota-del-sur,2001,Diciembre,3.4,
Dakota-del-sur,2001,Noviembre,3.3,
Dakota-del-sur,2001,Octubre,3.2,
Dakota-del-sur,2001,Septiembre,3.1,
Dakota-del-sur,2001,Agosto,3.0,
Dakota-del-sur,2001,Julio,3.0,
Dakota-del-sur,2001,Junio,2.9,
Dakota-del-sur,2001,Mayo,2.9,
Dakota-del-sur,2001,Abril,2.9,
Dakota-del-sur,2001,Marzo,2.8,
Dakota-del-sur,2001,Febrero,2.8,
Dakota-del-sur,2001,Enero,2.7,
Dakota-del-sur,2002,Diciembre,3.2,
Dakota-del-sur,2002,Noviembre,3.2,
Dakota-del-sur,2002,Octubre,3.1,
Dakota-del-sur,2002,Septiembre,3.1,
Dakota-del-sur,2002,Agosto,3.1,
Dakota-del-sur,2002,Julio,3.1,
Dakota-del-sur,2002,Junio,3.2,
Dakota-del-sur,2002,Mayo,3.3,
Dakota-del-sur,2002,Abril,3.3,
Dakota-del-sur,2002,Marzo,3.4,
Dakota-del-sur,2002,Febrero,3.4,
Dakota-del-sur,2002,Enero,3.4,
Dakota-del-sur,2003,Diciembre,3.5,
Dakota-del-sur,2003,Noviembre,3.5,
Dakota-del-sur,2003,Octubre,3.5,
Dakota-del-sur,2003,Septiembre,3.6,
Dakota-del-sur,2003,Agosto,3.6,
Dakota-del-sur,2003,Julio,3.6,
Dakota-del-sur,2003,Junio,3.5,
Dakota-del-sur,2003,Mayo,3.5,
Dakota-del-sur,2003,Abril,3.4,
Dakota-del-sur,2003,Marzo,3.4,
Dakota-del-sur,2003,Febrero,3.3,
Dakota-del-sur,2003,Enero,3.3,
Dakota-del-sur,2004,Diciembre,3.7,
Dakota-del-sur,2004,Noviembre,3.7,
Dakota-del-sur,2004,Octubre,3.7,
Dakota-del-sur,2004,Septiembre,3.7,
Dakota-del-sur,2004,Agosto,3.7,
Dakota-del-sur,2004,Julio,3.6,
Dakota-del-sur,2004,Junio,3.6,
Dakota-del-sur,2004,Mayo,3.6,
Dakota-del-sur,2004,Abril,3.5,
Dakota-del-sur,2004,Marzo,3.5,
Dakota-del-sur,2004,Febrero,3.5,
Dakota-del-sur,2004,Enero,3.5,
Dakota-del-sur,2005,Diciembre,3.2,
Dakota-del-sur,2005,Noviembre,3.3,
Dakota-del-sur,2005,Octubre,3.4,
Dakota-del-sur,2005,Septiembre,3.4,
Dakota-del-sur,2005,Agosto,3.5,
Dakota-del-sur,2005,Julio,3.5,
Dakota-del-sur,2005,Junio,3.6,
Dakota-del-sur,2005,Mayo,3.7,
Dakota-del-sur,2005,Abril,3.7,
Dakota-del-sur,2005,Marzo,3.8,
Dakota-del-sur,2005,Febrero,3.8,
Dakota-del-sur,2005,Enero,3.7,
Dakota-del-sur,2006,Diciembre,3.0,
Dakota-del-sur,2006,Noviembre,3.0,
Dakota-del-sur,2006,Octubre,3.0,
Dakota-del-sur,2006,Septiembre,3.0,
Dakota-del-sur,2006,Agosto,3.0,
Dakota-del-sur,2006,Julio,3.0,
Dakota-del-sur,2006,Junio,3.0,
Dakota-del-sur,2006,Mayo,2.9,
Dakota-del-sur,2006,Abril,2.9,
Dakota-del-sur,2006,Marzo,3.0,
Dakota-del-sur,2006,Febrero,3.0,
Dakota-del-sur,2006,Enero,3.2,
Dakota-del-sur,2007,Diciembre,2.7,
Dakota-del-sur,2007,Noviembre,2.8,
Dakota-del-sur,2007,Octubre,2.8,
Dakota-del-sur,2007,Septiembre,2.9,
Dakota-del-sur,2007,Agosto,2.9,
Dakota-del-sur,2007,Julio,2.8,
Dakota-del-sur,2007,Junio,2.8,
Dakota-del-sur,2007,Mayo,2.8,
Dakota-del-sur,2007,Abril,2.8,
Dakota-del-sur,2007,Marzo,2.8,
Dakota-del-sur,2007,Febrero,2.9,
Dakota-del-sur,2007,Enero,2.9,
Dakota-del-sur,2008,Diciembre,3.9,
Dakota-del-sur,2008,Noviembre,3.7,
Dakota-del-sur,2008,Octubre,3.5,
Dakota-del-sur,2008,Septiembre,3.4,
Dakota-del-sur,2008,Agosto,3.2,
Dakota-del-sur,2008,Julio,3.1,
Dakota-del-sur,2008,Junio,2.9,
Dakota-del-sur,2008,Mayo,2.8,
Dakota-del-sur,2008,Abril,2.7,
Dakota-del-sur,2008,Marzo,2.6,
Dakota-del-sur,2008,Febrero,2.6,
Dakota-del-sur,2008,Enero,2.6,
Dakota-del-sur,2009,Diciembre,4.8,
Dakota-del-sur,2009,Noviembre,4.7,
Dakota-del-sur,2009,Octubre,4.6,
Dakota-del-sur,2009,Septiembre,4.6,
Dakota-del-sur,2009,Agosto,4.6,
Dakota-del-sur,2009,Julio,4.6,
Dakota-del-sur,2009,Junio,4.7,
Dakota-del-sur,2009,Mayo,4.7,
Dakota-del-sur,2009,Abril,4.7,
Dakota-del-sur,2009,Marzo,4.5,
Dakota-del-sur,2009,Febrero,4.4,
Dakota-del-sur,2009,Enero,4.1,
Dakota-del-sur,2010,Diciembre,5.0,
Dakota-del-sur,2010,Noviembre,5.0,
Dakota-del-sur,2010,Octubre,4.9,
Dakota-del-sur,2010,Septiembre,4.9,
Dakota-del-sur,2010,Agosto,4.9,
Dakota-del-sur,2010,Julio,4.9,
Dakota-del-sur,2010,Junio,4.9,
Dakota-del-sur,2010,Mayo,4.9,
Dakota-del-sur,2010,Abril,4.9,
Dakota-del-sur,2010,Marzo,4.9,
Dakota-del-sur,2010,Febrero,4.9,
Dakota-del-sur,2010,Enero,4.8,
Tennessee,2000,Diciembre,3.9,TN
Tennessee,2000,Noviembre,3.9,TN
Tennessee,2000,Octubre,3.9,TN
Tennessee,2000,Septiembre,3.9,TN
Tennessee,2000,Agosto,3.9,TN
Tennessee,2000,Julio,3.9,TN
Tennessee,2000,Junio,3.9,TN
Tennessee,2000,Mayo,3.9,TN
Tennessee,2000,Abril,3.8,TN
Tennessee,2000,Marzo,3.8,TN
Tennessee,2000,Febrero,3.8,TN
Tennessee,2000,Enero,3.8,TN
Tennessee,2001,Diciembre,5.4,TN
Tennessee,2001,Noviembre,5.3,TN
Tennessee,2001,Octubre,5.1,TN
Tennessee,2001,Septiembre,4.8,TN
Tennessee,2001,Agosto,4.6,TN
Tennessee,2001,Julio,4.5,TN
Tennessee,2001,Junio,4.3,TN
Tennessee,2001,Mayo,4.2,TN
Tennessee,2001,Abril,4.1,TN
Tennessee,2001,Marzo,4.0,TN
Tennessee,2001,Febrero,4.0,TN
Tennessee,2001,Enero,3.9,TN
Tennessee,2002,Diciembre,5.0,TN
Tennessee,2002,Noviembre,4.9,TN
Tennessee,2002,Octubre,4.8,TN
Tennessee,2002,Septiembre,4.8,TN
Tennessee,2002,Agosto,4.9,TN
Tennessee,2002,Julio,5.0,TN
Tennessee,2002,Junio,5.1,TN
Tennessee,2002,Mayo,5.2,TN
Tennessee,2002,Abril,5.3,TN
Tennessee,2002,Marzo,5.5,TN
Tennessee,2002,Febrero,5.5,TN
Tennessee,2002,Enero,5.5,TN
Tennessee,2003,Diciembre,5.4,TN
Tennessee,2003,Noviembre,5.5,TN
Tennessee,2003,Octubre,5.6,TN
Tennessee,2003,Septiembre,5.7,TN
Tennessee,2003,Agosto,5.8,TN
Tennessee,2003,Julio,5.7,TN
Tennessee,2003,Junio,5.7,TN
Tennessee,2003,Mayo,5.6,TN
Tennessee,2003,Abril,5.5,TN
Tennessee,2003,Marzo,5.3,TN
Tennessee,2003,Febrero,5.2,TN
Tennessee,2003,Enero,5.1,TN
Tennessee,2004,Diciembre,5.7,TN
Tennessee,2004,Noviembre,5.7,TN
Tennessee,2004,Octubre,5.6,TN
Tennessee,2004,Septiembre,5.5,TN
Tennessee,2004,Agosto,5.4,TN
Tennessee,2004,Julio,5.3,TN
Tennessee,2004,Junio,5.2,TN
Tennessee,2004,Mayo,5.1,TN
Tennessee,2004,Abril,5.1,TN
Tennessee,2004,Marzo,5.1,TN
Tennessee,2004,Febrero,5.2,TN
Tennessee,2004,Enero,5.3,TN
Tennessee,2005,Diciembre,5.4,TN
Tennessee,2005,Noviembre,5.4,TN
Tennessee,2005,Octubre,5.4,TN
Tennessee,2005,Septiembre,5.4,TN
Tennessee,2005,Agosto,5.3,TN
Tennessee,2005,Julio,5.4,TN
Tennessee,2005,Junio,5.4,TN
Tennessee,2005,Mayo,5.6,TN
Tennessee,2005,Abril,5.7,TN
Tennessee,2005,Marzo,5.7,TN
Tennessee,2005,Febrero,5.8,TN
Tennessee,2005,Enero,5.8,TN
Tennessee,2006,Diciembre,4.7,TN
Tennessee,2006,Noviembre,4.9,TN
Tennessee,2006,Octubre,5.0,TN
Tennessee,2006,Septiembre,5.2,TN
Tennessee,2006,Agosto,5.3,TN
Tennessee,2006,Julio,5.4,TN
Tennessee,2006,Junio,5.5,TN
Tennessee,2006,Mayo,5.5,TN
Tennessee,2006,Abril,5.5,TN
Tennessee,2006,Marzo,5.5,TN
Tennessee,2006,Febrero,5.4,TN
Tennessee,2006,Enero,5.4,TN
Tennessee,2007,Diciembre,5.2,TN
Tennessee,2007,Noviembre,5.1,TN
Tennessee,2007,Octubre,5.0,TN
Tennessee,2007,Septiembre,4.8,TN
Tennessee,2007,Agosto,4.6,TN
Tennessee,2007,Julio,4.5,TN
Tennessee,2007,Junio,4.3,TN
Tennessee,2007,Mayo,4.3,TN
Tennessee,2007,Abril,4.3,TN
Tennessee,2007,Marzo,4.4,TN
Tennessee,2007,Febrero,4.5,TN
Tennessee,2007,Enero,4.6,TN
Tennessee,2008,Diciembre,8.2,TN
Tennessee,2008,Noviembre,7.7,TN
Tennessee,2008,Octubre,7.3,TN
Tennessee,2008,Septiembre,7.0,TN
Tennessee,2008,Agosto,6.8,TN
Tennessee,2008,Julio,6.6,TN
Tennessee,2008,Junio,6.4,TN
Tennessee,2008,Mayo,6.1,TN
Tennessee,2008,Abril,5.8,TN
Tennessee,2008,Marzo,5.6,TN
Tennessee,2008,Febrero,5.4,TN
Tennessee,2008,Enero,5.3,TN
Tennessee,2009,Diciembre,10.5,TN
Tennessee,2009,Noviembre,10.5,TN
Tennessee,2009,Octubre,10.5,TN
Tennessee,2009,Septiembre,10.5,TN
Tennessee,2009,Agosto,10.5,TN
Tennessee,2009,Julio,10.5,TN
Tennessee,2009,Junio,10.4,TN
Tennessee,2009,Mayo,10.3,TN
Tennessee,2009,Abril,10.1,TN
Tennessee,2009,Marzo,9.7,TN
Tennessee,2009,Febrero,9.2,TN
Tennessee,2009,Enero,8.7,TN
Tennessee,2010,Diciembre,9.6,TN
Tennessee,2010,Noviembre,9.7,TN
Tennessee,2010,Octubre,9.6,TN
Tennessee,2010,Septiembre,9.5,TN
Tennessee,2010,Agosto,9.5,TN
Tennessee,2010,Julio,9.5,TN
Tennessee,2010,Junio,9.6,TN
Tennessee,2010,Mayo,9.8,TN
Tennessee,2010,Abril,10.0,TN
Tennessee,2010,Marzo,10.2,TN
Tennessee,2010,Febrero,10.4,TN
Tennessee,2010,Enero,10.5,TN
Texas,2000,Diciembre,4.1,TX
Texas,2000,Noviembre,4.1,TX
Texas,2000,Octubre,4.2,TX
Texas,2000,Septiembre,4.2,TX
Texas,2000,Agosto,4.3,TX
Texas,2000,Julio,4.3,TX
Texas,2000,Junio,4.4,TX
Texas,2000,Mayo,4.5,TX
Texas,2000,Abril,4.5,TX
Texas,2000,Marzo,4.6,TX
Texas,2000,Febrero,4.7,TX
Texas,2000,Enero,4.7,TX
Texas,2001,Diciembre,6.0,TX
Texas,2001,Noviembre,5.8,TX
Texas,2001,Octubre,5.6,TX
Texas,2001,Septiembre,5.4,TX
Texas,2001,Agosto,5.2,TX
Texas,2001,Julio,5.0,TX
Texas,2001,Junio,4.8,TX
Texas,2001,Mayo,4.6,TX
Texas,2001,Abril,4.5,TX
Texas,2001,Marzo,4.3,TX
Texas,2001,Febrero,4.2,TX
Texas,2001,Enero,4.1,TX
Texas,2002,Diciembre,6.6,TX
Texas,2002,Noviembre,6.5,TX
Texas,2002,Octubre,6.4,TX
Texas,2002,Septiembre,6.4,TX
Texas,2002,Agosto,6.4,TX
Texas,2002,Julio,6.4,TX
Texas,2002,Junio,6.4,TX
Texas,2002,Mayo,6.3,TX
Texas,2002,Abril,6.3,TX
Texas,2002,Marzo,6.3,TX
Texas,2002,Febrero,6.2,TX
Texas,2002,Enero,6.1,TX
Texas,2003,Diciembre,6.4,TX
Texas,2003,Noviembre,6.5,TX
Texas,2003,Octubre,6.6,TX
Texas,2003,Septiembre,6.7,TX
Texas,2003,Agosto,6.8,TX
Texas,2003,Julio,6.9,TX
Texas,2003,Junio,6.9,TX
Texas,2003,Mayo,6.9,TX
Texas,2003,Abril,6.9,TX
Texas,2003,Marzo,6.8,TX
Texas,2003,Febrero,6.7,TX
Texas,2003,Enero,6.7,TX
Texas,2004,Diciembre,5.8,TX
Texas,2004,Noviembre,5.9,TX
Texas,2004,Octubre,5.9,TX
Texas,2004,Septiembre,5.9,TX
Texas,2004,Agosto,5.9,TX
Texas,2004,Julio,5.9,TX
Texas,2004,Junio,6.0,TX
Texas,2004,Mayo,6.1,TX
Texas,2004,Abril,6.1,TX
Texas,2004,Marzo,6.2,TX
Texas,2004,Febrero,6.2,TX
Texas,2004,Enero,6.3,TX
Texas,2005,Diciembre,5.3,TX
Texas,2005,Noviembre,5.4,TX
Texas,2005,Octubre,5.4,TX
Texas,2005,Septiembre,5.4,TX
Texas,2005,Agosto,5.4,TX
Texas,2005,Julio,5.3,TX
Texas,2005,Junio,5.3,TX
Texas,2005,Mayo,5.4,TX
Texas,2005,Abril,5.5,TX
Texas,2005,Marzo,5.6,TX
Texas,2005,Febrero,5.7,TX
Texas,2005,Enero,5.8,TX
Texas,2006,Diciembre,4.5,TX
Texas,2006,Noviembre,4.6,TX
Texas,2006,Octubre,4.7,TX
Texas,2006,Septiembre,4.8,TX
Texas,2006,Agosto,5.0,TX
Texas,2006,Julio,5.1,TX
Texas,2006,Junio,5.2,TX
Texas,2006,Mayo,5.2,TX
Texas,2006,Abril,5.2,TX
Texas,2006,Marzo,5.2,TX
Texas,2006,Febrero,5.2,TX
Texas,2006,Enero,5.3,TX
Texas,2007,Diciembre,4.4,TX
Texas,2007,Noviembre,4.4,TX
Texas,2007,Octubre,4.4,TX
Texas,2007,Septiembre,4.4,TX
Texas,2007,Agosto,4.3,TX
Texas,2007,Julio,4.3,TX
Texas,2007,Junio,4.3,TX
Texas,2007,Mayo,4.3,TX
Texas,2007,Abril,4.3,TX
Texas,2007,Marzo,4.4,TX
Texas,2007,Febrero,4.4,TX
Texas,2007,Enero,4.5,TX
Texas,2008,Diciembre,5.9,TX
Texas,2008,Noviembre,5.6,TX
Texas,2008,Octubre,5.4,TX
Texas,2008,Septiembre,5.2,TX
Texas,2008,Agosto,5.0,TX
Texas,2008,Julio,4.8,TX
Texas,2008,Junio,4.7,TX
Texas,2008,Mayo,4.5,TX
Texas,2008,Abril,4.4,TX
Texas,2008,Marzo,4.3,TX
Texas,2008,Febrero,4.3,TX
Texas,2008,Enero,4.3,TX
Texas,2009,Diciembre,8.3,TX
Texas,2009,Noviembre,8.3,TX
Texas,2009,Octubre,8.3,TX
Texas,2009,Septiembre,8.3,TX
Texas,2009,Agosto,8.3,TX
Texas,2009,Julio,8.2,TX
Texas,2009,Junio,8.0,TX
Texas,2009,Mayo,7.5,TX
Texas,2009,Abril,6.5,TX
Texas,2009,Marzo,6.4,TX
Texas,2009,Febrero,6.3,TX
Texas,2009,Enero,6.1,TX
Texas,2010,Diciembre,8.2,TX
Texas,2010,Noviembre,8.2,TX
Texas,2010,Octubre,8.2,TX
Texas,2010,Septiembre,8.1,TX
Texas,2010,Agosto,8.1,TX
Texas,2010,Julio,8.1,TX
Texas,2010,Junio,8.1,TX
Texas,2010,Mayo,8.2,TX
Texas,2010,Abril,8.2,TX
Texas,2010,Marzo,8.3,TX
Texas,2010,Febrero,8.3,TX
Texas,2010,Enero,8.3,TX
Utah,2000,Diciembre,3.7,UT
Utah,2000,Noviembre,3.6,UT
Utah,2000,Octubre,3.5,UT
Utah,2000,Septiembre,3.4,UT
Utah,2000,Agosto,3.4,UT
Utah,2000,Julio,3.3,UT
Utah,2000,Junio,3.3,UT
Utah,2000,Mayo,3.2,UT
Utah,2000,Abril,3.2,UT
Utah,2000,Marzo,3.1,UT
Utah,2000,Febrero,3.1,UT
Utah,2000,Enero,3.1,UT
Utah,2001,Diciembre,5.1,UT
Utah,2001,Noviembre,5.0,UT
Utah,2001,Octubre,4.8,UT
Utah,2001,Septiembre,4.7,UT
Utah,2001,Agosto,4.5,UT
Utah,2001,Julio,4.4,UT
Utah,2001,Junio,4.2,UT
Utah,2001,Mayo,4.1,UT
Utah,2001,Abril,4.0,UT
Utah,2001,Marzo,3.9,UT
Utah,2001,Febrero,3.9,UT
Utah,2001,Enero,3.8,UT
Utah,2002,Diciembre,5.8,UT
Utah,2002,Noviembre,5.9,UT
Utah,2002,Octubre,5.9,UT
Utah,2002,Septiembre,5.8,UT
Utah,2002,Agosto,5.8,UT
Utah,2002,Julio,5.8,UT
Utah,2002,Junio,5.7,UT
Utah,2002,Mayo,5.6,UT
Utah,2002,Abril,5.6,UT
Utah,2002,Marzo,5.5,UT
Utah,2002,Febrero,5.4,UT
Utah,2002,Enero,5.2,UT
Utah,2003,Diciembre,5.3,UT
Utah,2003,Noviembre,5.4,UT
Utah,2003,Octubre,5.4,UT
Utah,2003,Septiembre,5.5,UT
Utah,2003,Agosto,5.5,UT
Utah,2003,Julio,5.6,UT
Utah,2003,Junio,5.6,UT
Utah,2003,Mayo,5.6,UT
Utah,2003,Abril,5.6,UT
Utah,2003,Marzo,5.7,UT
Utah,2003,Febrero,5.8,UT
Utah,2003,Enero,5.8,UT
Utah,2004,Diciembre,4.6,UT
Utah,2004,Noviembre,4.7,UT
Utah,2004,Octubre,4.7,UT
Utah,2004,Septiembre,4.8,UT
Utah,2004,Agosto,4.9,UT
Utah,2004,Julio,5.0,UT
Utah,2004,Junio,5.1,UT
Utah,2004,Mayo,5.2,UT
Utah,2004,Abril,5.2,UT
Utah,2004,Marzo,5.3,UT
Utah,2004,Febrero,5.3,UT
Utah,2004,Enero,5.3,UT
Utah,2005,Diciembre,3.5,UT
Utah,2005,Noviembre,3.6,UT
Utah,2005,Octubre,3.7,UT
Utah,2005,Septiembre,3.8,UT
Utah,2005,Agosto,3.9,UT
Utah,2005,Julio,4.0,UT
Utah,2005,Junio,4.1,UT
Utah,2005,Mayo,4.2,UT
Utah,2005,Abril,4.3,UT
Utah,2005,Marzo,4.4,UT
Utah,2005,Febrero,4.5,UT
Utah,2005,Enero,4.5,UT
Utah,2006,Diciembre,2.4,UT
Utah,2006,Noviembre,2.5,UT
Utah,2006,Octubre,2.5,UT
Utah,2006,Septiembre,2.6,UT
Utah,2006,Agosto,2.7,UT
Utah,2006,Julio,2.8,UT
Utah,2006,Junio,2.9,UT
Utah,2006,Mayo,3.0,UT
Utah,2006,Abril,3.1,UT
Utah,2006,Marzo,3.2,UT
Utah,2006,Febrero,3.3,UT
Utah,2006,Enero,3.4,UT
Utah,2007,Diciembre,2.8,UT
Utah,2007,Noviembre,2.8,UT
Utah,2007,Octubre,2.7,UT
Utah,2007,Septiembre,2.6,UT
Utah,2007,Agosto,2.6,UT
Utah,2007,Julio,2.6,UT
Utah,2007,Junio,2.5,UT
Utah,2007,Mayo,2.5,UT
Utah,2007,Abril,2.4,UT
Utah,2007,Marzo,2.4,UT
Utah,2007,Febrero,2.4,UT
Utah,2007,Enero,2.4,UT
Utah,2008,Diciembre,5.2,UT
Utah,2008,Noviembre,3.6,UT
Utah,2008,Octubre,3.5,UT
Utah,2008,Septiembre,3.4,UT
Utah,2008,Agosto,3.3,UT
Utah,2008,Julio,3.2,UT
Utah,2008,Junio,3.2,UT
Utah,2008,Mayo,3.1,UT
Utah,2008,Abril,3.0,UT
Utah,2008,Marzo,2.9,UT
Utah,2008,Febrero,2.9,UT
Utah,2008,Enero,2.8,UT
Utah,2009,Diciembre,7.9,UT
Utah,2009,Noviembre,7.9,UT
Utah,2009,Octubre,7.8,UT
Utah,2009,Septiembre,7.7,UT
Utah,2009,Agosto,7.6,UT
Utah,2009,Julio,7.4,UT
Utah,2009,Junio,7.3,UT
Utah,2009,Mayo,7.1,UT
Utah,2009,Abril,7.0,UT
Utah,2009,Marzo,6.8,UT
Utah,2009,Febrero,6.5,UT
Utah,2009,Enero,6.1,UT
Utah,2010,Diciembre,7.8,UT
Utah,2010,Noviembre,7.9,UT
Utah,2010,Octubre,7.9,UT
Utah,2010,Septiembre,7.9,UT
Utah,2010,Agosto,7.9,UT
Utah,2010,Julio,7.9,UT
Utah,2010,Junio,7.9,UT
Utah,2010,Mayo,8.0,UT
Utah,2010,Abril,8.0,UT
Utah,2010,Marzo,8.0,UT
Utah,2010,Febrero,8.0,UT
Utah,2010,Enero,8.0,UT
Virginia,2000,Diciembre,2.2,VA
Virginia,2000,Noviembre,2.1,VA
Virginia,2000,Octubre,2.1,VA
Virginia,2000,Septiembre,2.1,VA
Virginia,2000,Agosto,2.2,VA
Virginia,2000,Julio,2.2,VA
Virginia,2000,Junio,2.3,VA
Virginia,2000,Mayo,2.3,VA
Virginia,2000,Abril,2.4,VA
Virginia,2000,Marzo,2.4,VA
Virginia,2000,Febrero,2.5,VA
Virginia,2000,Enero,2.6,VA
Virginia,2001,Diciembre,4.3,VA
Virginia,2001,Noviembre,4.2,VA
Virginia,2001,Octubre,4.0,VA
Virginia,2001,Septiembre,3.8,VA
Virginia,2001,Agosto,3.6,VA
Virginia,2001,Julio,3.3,VA
Virginia,2001,Junio,3.1,VA
Virginia,2001,Mayo,2.9,VA
Virginia,2001,Abril,2.8,VA
Virginia,2001,Marzo,2.6,VA
Virginia,2001,Febrero,2.5,VA
Virginia,2001,Enero,2.3,VA
Virginia,2002,Diciembre,4.3,VA
Virginia,2002,Noviembre,4.3,VA
Virginia,2002,Octubre,4.3,VA
Virginia,2002,Septiembre,4.3,VA
Virginia,2002,Agosto,4.3,VA
Virginia,2002,Julio,4.4,VA
Virginia,2002,Junio,4.4,VA
Virginia,2002,Mayo,4.4,VA
Virginia,2002,Abril,4.4,VA
Virginia,2002,Marzo,4.4,VA
Virginia,2002,Febrero,4.4,VA
Virginia,2002,Enero,4.4,VA
Virginia,2003,Diciembre,4.2,VA
Virginia,2003,Noviembre,4.2,VA
Virginia,2003,Octubre,4.3,VA
Virginia,2003,Septiembre,4.3,VA
Virginia,2003,Agosto,4.3,VA
Virginia,2003,Julio,4.4,VA
Virginia,2003,Junio,4.4,VA
Virginia,2003,Mayo,4.4,VA
Virginia,2003,Abril,4.4,VA
Virginia,2003,Marzo,4.4,VA
Virginia,2003,Febrero,4.4,VA
Virginia,2003,Enero,4.4,VA
Virginia,2004,Diciembre,3.9,VA
Virginia,2004,Noviembre,3.9,VA
Virginia,2004,Octubre,4.0,VA
Virginia,2004,Septiembre,4.0,VA
Virginia,2004,Agosto,4.0,VA
Virginia,2004,Julio,4.1,VA
Virginia,2004,Junio,4.1,VA
Virginia,2004,Mayo,4.2,VA
Virginia,2004,Abril,4.2,VA
Virginia,2004,Marzo,4.2,VA
Virginia,2004,Febrero,4.2,VA
Virginia,2004,Enero,4.2,VA
Virginia,2005,Diciembre,3.6,VA
Virginia,2005,Noviembre,3.7,VA
Virginia,2005,Octubre,3.7,VA
Virginia,2005,Septiembre,3.8,VA
Virginia,2005,Agosto,3.8,VA
Virginia,2005,Julio,3.9,VA
Virginia,2005,Junio,3.9,VA
Virginia,2005,Mayo,3.9,VA
Virginia,2005,Abril,3.9,VA
Virginia,2005,Marzo,3.9,VA
Virginia,2005,Febrero,3.9,VA
Virginia,2005,Enero,3.9,VA
Virginia,2006,Diciembre,3.2,VA
Virginia,2006,Noviembre,3.3,VA
Virginia,2006,Octubre,3.3,VA
Virginia,2006,Septiembre,3.4,VA
Virginia,2006,Agosto,3.4,VA
Virginia,2006,Julio,3.4,VA
Virginia,2006,Junio,3.3,VA
Virginia,2006,Mayo,3.3,VA
Virginia,2006,Abril,3.3,VA
Virginia,2006,Marzo,3.3,VA
Virginia,2006,Febrero,3.4,VA
Virginia,2006,Enero,3.5,VA
Virginia,2007,Diciembre,3.6,VA
Virginia,2007,Noviembre,3.5,VA
Virginia,2007,Octubre,3.5,VA
Virginia,2007,Septiembre,3.4,VA
Virginia,2007,Agosto,3.3,VA
Virginia,2007,Julio,3.2,VA
Virginia,2007,Junio,3.2,VA
Virginia,2007,Mayo,3.1,VA
Virginia,2007,Abril,3.1,VA
Virginia,2007,Marzo,3.1,VA
Virginia,2007,Febrero,3.2,VA
Virginia,2007,Enero,3.2,VA
Virginia,2008,Diciembre,5.4,VA
Virginia,2008,Noviembre,5.0,VA
Virginia,2008,Octubre,4.7,VA
Virginia,2008,Septiembre,4.5,VA
Virginia,2008,Agosto,4.4,VA
Virginia,2008,Julio,4.3,VA
Virginia,2008,Junio,4.1,VA
Virginia,2008,Mayo,4.0,VA
Virginia,2008,Abril,3.9,VA
Virginia,2008,Marzo,3.7,VA
Virginia,2008,Febrero,3.7,VA
Virginia,2008,Enero,3.6,VA
Virginia,2009,Diciembre,7.5,VA
Virginia,2009,Noviembre,7.4,VA
Virginia,2009,Octubre,7.3,VA
Virginia,2009,Septiembre,7.2,VA
Virginia,2009,Agosto,7.1,VA
Virginia,2009,Julio,7.0,VA
Virginia,2009,Junio,6.9,VA
Virginia,2009,Mayo,6.8,VA
Virginia,2009,Abril,6.6,VA
Virginia,2009,Marzo,6.4,VA
Virginia,2009,Febrero,6.1,VA
Virginia,2009,Enero,5.7,VA
Virginia,2010,Diciembre,6.9,VA
Virginia,2010,Noviembre,7.0,VA
Virginia,2010,Octubre,7.1,VA
Virginia,2010,Septiembre,7.1,VA
Virginia,2010,Agosto,7.2,VA
Virginia,2010,Julio,7.2,VA
Virginia,2010,Junio,7.3,VA
Virginia,2010,Mayo,7.4,VA
Virginia,2010,Abril,7.5,VA
Virginia,2010,Marzo,7.6,VA
Virginia,2010,Febrero,7.6,VA
Virginia,2010,Enero,7.6,VA
Vermont,2000,Diciembre,2.9,VT
Vermont,2000,Noviembre,2.9,VT
Vermont,2000,Octubre,2.9,VT
Vermont,2000,Septiembre,2.9,VT
Vermont,2000,Agosto,2.9,VT
Vermont,2000,Julio,2.8,VT
Vermont,2000,Junio,2.8,VT
Vermont,2000,Mayo,2.7,VT
Vermont,2000,Abril,2.7,VT
Vermont,2000,Marzo,2.7,VT
Vermont,2000,Febrero,2.7,VT
Vermont,2000,Enero,2.8,VT
Vermont,2001,Diciembre,3.5,VT
Vermont,2001,Noviembre,3.5,VT
Vermont,2001,Octubre,3.4,VT
Vermont,2001,Septiembre,3.4,VT
Vermont,2001,Agosto,3.3,VT
Vermont,2001,Julio,3.3,VT
Vermont,2001,Junio,3.3,VT
Vermont,2001,Mayo,3.3,VT
Vermont,2001,Abril,3.2,VT
Vermont,2001,Marzo,3.2,VT
Vermont,2001,Febrero,3.1,VT
Vermont,2001,Enero,3.0,VT
Vermont,2002,Diciembre,4.3,VT
Vermont,2002,Noviembre,4.2,VT
Vermont,2002,Octubre,4.1,VT
Vermont,2002,Septiembre,4.0,VT
Vermont,2002,Agosto,3.9,VT
Vermont,2002,Julio,3.8,VT
Vermont,2002,Junio,3.7,VT
Vermont,2002,Mayo,3.7,VT
Vermont,2002,Abril,3.6,VT
Vermont,2002,Marzo,3.6,VT
Vermont,2002,Febrero,3.6,VT
Vermont,2002,Enero,3.5,VT
Vermont,2003,Diciembre,4.1,VT
Vermont,2003,Noviembre,4.2,VT
Vermont,2003,Octubre,4.3,VT
Vermont,2003,Septiembre,4.3,VT
Vermont,2003,Agosto,4.4,VT
Vermont,2003,Julio,4.5,VT
Vermont,2003,Junio,4.5,VT
Vermont,2003,Mayo,4.5,VT
Vermont,2003,Abril,4.5,VT
Vermont,2003,Marzo,4.5,VT
Vermont,2003,Febrero,4.4,VT
Vermont,2003,Enero,4.4,VT
Vermont,2004,Diciembre,3.4,VT
Vermont,2004,Noviembre,3.4,VT
Vermont,2004,Octubre,3.5,VT
Vermont,2004,Septiembre,3.5,VT
Vermont,2004,Agosto,3.5,VT
Vermont,2004,Julio,3.6,VT
Vermont,2004,Junio,3.7,VT
Vermont,2004,Mayo,3.8,VT
Vermont,2004,Abril,3.8,VT
Vermont,2004,Marzo,3.9,VT
Vermont,2004,Febrero,4.0,VT
Vermont,2004,Enero,4.0,VT
Vermont,2005,Diciembre,3.5,VT
Vermont,2005,Noviembre,3.5,VT
Vermont,2005,Octubre,3.5,VT
Vermont,2005,Septiembre,3.5,VT
Vermont,2005,Agosto,3.5,VT
Vermont,2005,Julio,3.4,VT
Vermont,2005,Junio,3.4,VT
Vermont,2005,Mayo,3.4,VT
Vermont,2005,Abril,3.4,VT
Vermont,2005,Marzo,3.4,VT
Vermont,2005,Febrero,3.4,VT
Vermont,2005,Enero,3.5,VT
Vermont,2006,Diciembre,3.9,VT
Vermont,2006,Noviembre,3.9,VT
Vermont,2006,Octubre,3.9,VT
Vermont,2006,Septiembre,3.9,VT
Vermont,2006,Agosto,3.8,VT
Vermont,2006,Julio,3.8,VT
Vermont,2006,Junio,3.7,VT
Vermont,2006,Mayo,3.6,VT
Vermont,2006,Abril,3.6,VT
Vermont,2006,Marzo,3.5,VT
Vermont,2006,Febrero,3.5,VT
Vermont,2006,Enero,3.5,VT
Vermont,2007,Diciembre,4.0,VT
Vermont,2007,Noviembre,4.0,VT
Vermont,2007,Octubre,4.0,VT
Vermont,2007,Septiembre,4.0,VT
Vermont,2007,Agosto,4.0,VT
Vermont,2007,Julio,3.9,VT
Vermont,2007,Junio,3.9,VT
Vermont,2007,Mayo,3.9,VT
Vermont,2007,Abril,3.9,VT
Vermont,2007,Marzo,3.9,VT
Vermont,2007,Febrero,3.9,VT
Vermont,2007,Enero,3.9,VT
Vermont,2008,Diciembre,5.3,VT
Vermont,2008,Noviembre,5.1,VT
Vermont,2008,Octubre,4.9,VT
Vermont,2008,Septiembre,4.8,VT
Vermont,2008,Agosto,4.7,VT
Vermont,2008,Julio,4.6,VT
Vermont,2008,Junio,4.5,VT
Vermont,2008,Mayo,4.4,VT
Vermont,2008,Abril,4.2,VT
Vermont,2008,Marzo,4.2,VT
Vermont,2008,Febrero,4.1,VT
Vermont,2008,Enero,4.0,VT
Vermont,2009,Diciembre,6.6,VT
Vermont,2009,Noviembre,6.5,VT
Vermont,2009,Octubre,6.5,VT
Vermont,2009,Septiembre,6.4,VT
Vermont,2009,Agosto,6.3,VT
Vermont,2009,Julio,6.2,VT
Vermont,2009,Junio,6.2,VT
Vermont,2009,Mayo,6.1,VT
Vermont,2009,Abril,6.1,VT
Vermont,2009,Marzo,5.9,VT
Vermont,2009,Febrero,5.7,VT
Vermont,2009,Enero,5.5,VT
Vermont,2010,Diciembre,6.1,VT
Vermont,2010,Noviembre,6.1,VT
Vermont,2010,Octubre,6.1,VT
Vermont,2010,Septiembre,6.1,VT
Vermont,2010,Agosto,6.1,VT
Vermont,2010,Julio,6.2,VT
Vermont,2010,Junio,6.3,VT
Vermont,2010,Mayo,6.4,VT
Vermont,2010,Abril,6.5,VT
Vermont,2010,Marzo,6.6,VT
Vermont,2010,Febrero,6.6,VT
Vermont,2010,Enero,6.7,VT
Washington,2000,Diciembre,5.3,WA
Washington,2000,Noviembre,5.2,WA
Washington,2000,Octubre,5.2,WA
Washington,2000,Septiembre,5.2,WA
Washington,2000,Agosto,5.2,WA
Washington,2000,Julio,5.2,WA
Washington,2000,Junio,5.1,WA
Washington,2000,Mayo,5.1,WA
Washington,2000,Abril,5.0,WA
Washington,2000,Marzo,4.9,WA
Washington,2000,Febrero,4.9,WA
Washington,2000,Enero,4.8,WA
Washington,2001,Diciembre,6.9,WA
Washington,2001,Noviembre,6.7,WA
Washington,2001,Octubre,6.5,WA
Washington,2001,Septiembre,6.3,WA
Washington,2001,Agosto,6.1,WA
Washington,2001,Julio,5.9,WA
Washington,2001,Junio,5.8,WA
Washington,2001,Mayo,5.7,WA
Washington,2001,Abril,5.7,WA
Washington,2001,Marzo,5.6,WA
Washington,2001,Febrero,5.5,WA
Washington,2001,Enero,5.4,WA
Washington,2002,Diciembre,7.2,WA
Washington,2002,Noviembre,7.1,WA
Washington,2002,Octubre,7.1,WA
Washington,2002,Septiembre,7.0,WA
Washington,2002,Agosto,7.0,WA
Washington,2002,Julio,7.0,WA
Washington,2002,Junio,7.1,WA
Washington,2002,Mayo,7.1,WA
Washington,2002,Abril,7.1,WA
Washington,2002,Marzo,7.1,WA
Washington,2002,Febrero,7.1,WA
Washington,2002,Enero,7.0,WA
Washington,2003,Diciembre,6.9,WA
Washington,2003,Noviembre,7.0,WA
Washington,2003,Octubre,7.1,WA
Washington,2003,Septiembre,7.2,WA
Washington,2003,Agosto,7.3,WA
Washington,2003,Julio,7.4,WA
Washington,2003,Junio,7.4,WA
Washington,2003,Mayo,7.4,WA
Washington,2003,Abril,7.3,WA
Washington,2003,Marzo,7.3,WA
Washington,2003,Febrero,7.3,WA
Washington,2003,Enero,7.2,WA
Washington,2004,Diciembre,5.9,WA
Washington,2004,Noviembre,6.0,WA
Washington,2004,Octubre,6.0,WA
Washington,2004,Septiembre,6.1,WA
Washington,2004,Agosto,6.1,WA
Washington,2004,Julio,6.2,WA
Washington,2004,Junio,6.3,WA
Washington,2004,Mayo,6.4,WA
Washington,2004,Abril,6.5,WA
Washington,2004,Marzo,6.6,WA
Washington,2004,Febrero,6.7,WA
Washington,2004,Enero,6.8,WA
Washington,2005,Diciembre,5.2,WA
Washington,2005,Noviembre,5.3,WA
Washington,2005,Octubre,5.4,WA
Washington,2005,Septiembre,5.5,WA
Washington,2005,Agosto,5.6,WA
Washington,2005,Julio,5.6,WA
Washington,2005,Junio,5.6,WA
Washington,2005,Mayo,5.6,WA
Washington,2005,Abril,5.7,WA
Washington,2005,Marzo,5.8,WA
Washington,2005,Febrero,5.9,WA
Washington,2005,Enero,5.9,WA
Washington,2006,Diciembre,4.8,WA
Washington,2006,Noviembre,4.9,WA
Washington,2006,Octubre,5.0,WA
Washington,2006,Septiembre,5.0,WA
Washington,2006,Agosto,5.0,WA
Washington,2006,Julio,5.1,WA
Washington,2006,Junio,5.1,WA
Washington,2006,Mayo,5.0,WA
Washington,2006,Abril,5.0,WA
Washington,2006,Marzo,5.0,WA
Washington,2006,Febrero,5.0,WA
Washington,2006,Enero,5.1,WA
Washington,2007,Diciembre,4.6,WA
Washington,2007,Noviembre,4.7,WA
Washington,2007,Octubre,4.7,WA
Washington,2007,Septiembre,4.7,WA
Washington,2007,Agosto,4.6,WA
Washington,2007,Julio,4.6,WA
Washington,2007,Junio,4.5,WA
Washington,2007,Mayo,4.5,WA
Washington,2007,Abril,4.5,WA
Washington,2007,Marzo,4.5,WA
Washington,2007,Febrero,4.6,WA
Washington,2007,Enero,4.7,WA
Washington,2008,Diciembre,6.4,WA
Washington,2008,Noviembre,6.1,WA
Washington,2008,Octubre,5.8,WA
Washington,2008,Septiembre,5.6,WA
Washington,2008,Agosto,5.4,WA
Washington,2008,Julio,5.3,WA
Washington,2008,Junio,5.2,WA
Washington,2008,Mayo,5.0,WA
Washington,2008,Abril,4.8,WA
Washington,2008,Marzo,4.7,WA
Washington,2008,Febrero,4.6,WA
Washington,2008,Enero,4.6,WA
Washington,2009,Diciembre,9.2,WA
Washington,2009,Noviembre,9.1,WA
Washington,2009,Octubre,9.0,WA
Washington,2009,Septiembre,9.0,WA
Washington,2009,Agosto,8.7,WA
Washington,2009,Julio,8.5,WA
Washington,2009,Junio,8.3,WA
Washington,2009,Mayo,8.1,WA
Washington,2009,Abril,7.8,WA
Washington,2009,Marzo,7.5,WA
Washington,2009,Febrero,7.2,WA
Washington,2009,Enero,6.8,WA
Washington,2010,Diciembre,9.0,WA
Washington,2010,Noviembre,9.1,WA
Washington,2010,Octubre,9.1,WA
Washington,2010,Septiembre,9.1,WA
Washington,2010,Agosto,9.1,WA
Washington,2010,Julio,9.0,WA
Washington,2010,Junio,9.0,WA
Washington,2010,Mayo,9.1,WA
Washington,2010,Abril,9.2,WA
Washington,2010,Marzo,9.3,WA
Washington,2010,Febrero,9.3,WA
Washington,2010,Enero,9.3,WA
Wisconsin,2000,Diciembre,3.7,WI
Wisconsin,2000,Noviembre,3.6,WI
Wisconsin,2000,Octubre,3.6,WI
Wisconsin,2000,Septiembre,3.6,WI
Wisconsin,2000,Agosto,3.5,WI
Wisconsin,2000,Julio,3.5,WI
Wisconsin,2000,Junio,3.4,WI
Wisconsin,2000,Mayo,3.3,WI
Wisconsin,2000,Abril,3.2,WI
Wisconsin,2000,Marzo,3.1,WI
Wisconsin,2000,Febrero,3.1,WI
Wisconsin,2000,Enero,3.1,WI
Wisconsin,2001,Diciembre,5.3,WI
Wisconsin,2001,Noviembre,5.1,WI
Wisconsin,2001,Octubre,4.9,WI
Wisconsin,2001,Septiembre,4.7,WI
Wisconsin,2001,Agosto,4.5,WI
Wisconsin,2001,Julio,4.4,WI
Wisconsin,2001,Junio,4.3,WI
Wisconsin,2001,Mayo,4.2,WI
Wisconsin,2001,Abril,4.1,WI
Wisconsin,2001,Marzo,4.0,WI
Wisconsin,2001,Febrero,3.9,WI
Wisconsin,2001,Enero,3.8,WI
Wisconsin,2002,Diciembre,5.4,WI
Wisconsin,2002,Noviembre,5.3,WI
Wisconsin,2002,Octubre,5.2,WI
Wisconsin,2002,Septiembre,5.2,WI
Wisconsin,2002,Agosto,5.2,WI
Wisconsin,2002,Julio,5.2,WI
Wisconsin,2002,Junio,5.3,WI
Wisconsin,2002,Mayo,5.4,WI
Wisconsin,2002,Abril,5.4,WI
Wisconsin,2002,Marzo,5.5,WI
Wisconsin,2002,Febrero,5.4,WI
Wisconsin,2002,Enero,5.4,WI
Wisconsin,2003,Diciembre,5.3,WI
Wisconsin,2003,Noviembre,5.4,WI
Wisconsin,2003,Octubre,5.5,WI
Wisconsin,2003,Septiembre,5.6,WI
Wisconsin,2003,Agosto,5.7,WI
Wisconsin,2003,Julio,5.8,WI
Wisconsin,2003,Junio,5.8,WI
Wisconsin,2003,Mayo,5.8,WI
Wisconsin,2003,Abril,5.7,WI
Wisconsin,2003,Marzo,5.7,WI
Wisconsin,2003,Febrero,5.6,WI
Wisconsin,2003,Enero,5.5,WI
Wisconsin,2004,Diciembre,4.8,WI
Wisconsin,2004,Noviembre,4.8,WI
Wisconsin,2004,Octubre,4.8,WI
Wisconsin,2004,Septiembre,4.9,WI
Wisconsin,2004,Agosto,4.9,WI
Wisconsin,2004,Julio,4.9,WI
Wisconsin,2004,Junio,5.0,WI
Wisconsin,2004,Mayo,5.0,WI
Wisconsin,2004,Abril,5.1,WI
Wisconsin,2004,Marzo,5.1,WI
Wisconsin,2004,Febrero,5.2,WI
Wisconsin,2004,Enero,5.2,WI
Wisconsin,2005,Diciembre,4.7,WI
Wisconsin,2005,Noviembre,4.8,WI
Wisconsin,2005,Octubre,4.8,WI
Wisconsin,2005,Septiembre,4.8,WI
Wisconsin,2005,Agosto,4.8,WI
Wisconsin,2005,Julio,4.7,WI
Wisconsin,2005,Junio,4.7,WI
Wisconsin,2005,Mayo,4.7,WI
Wisconsin,2005,Abril,4.7,WI
Wisconsin,2005,Marzo,4.7,WI
Wisconsin,2005,Febrero,4.7,WI
Wisconsin,2005,Enero,4.8,WI
Wisconsin,2006,Diciembre,4.8,WI
Wisconsin,2006,Noviembre,4.8,WI
Wisconsin,2006,Octubre,4.8,WI
Wisconsin,2006,Septiembre,4.8,WI
Wisconsin,2006,Agosto,4.7,WI
Wisconsin,2006,Julio,4.7,WI
Wisconsin,2006,Junio,4.6,WI
Wisconsin,2006,Mayo,4.6,WI
Wisconsin,2006,Abril,4.5,WI
Wisconsin,2006,Marzo,4.5,WI
Wisconsin,2006,Febrero,4.6,WI
Wisconsin,2006,Enero,4.7,WI
Wisconsin,2007,Diciembre,4.7,WI
Wisconsin,2007,Noviembre,4.8,WI
Wisconsin,2007,Octubre,4.9,WI
Wisconsin,2007,Septiembre,4.9,WI
Wisconsin,2007,Agosto,4.9,WI
Wisconsin,2007,Julio,4.9,WI
Wisconsin,2007,Junio,4.8,WI
Wisconsin,2007,Mayo,4.8,WI
Wisconsin,2007,Abril,4.8,WI
Wisconsin,2007,Marzo,4.8,WI
Wisconsin,2007,Febrero,4.8,WI
Wisconsin,2007,Enero,4.8,WI
Wisconsin,2008,Diciembre,6.7,WI
Wisconsin,2008,Noviembre,6.1,WI
Wisconsin,2008,Octubre,5.6,WI
Wisconsin,2008,Septiembre,5.2,WI
Wisconsin,2008,Agosto,4.9,WI
Wisconsin,2008,Julio,4.7,WI
Wisconsin,2008,Junio,4.6,WI
Wisconsin,2008,Mayo,4.4,WI
Wisconsin,2008,Abril,4.4,WI
Wisconsin,2008,Marzo,4.3,WI
Wisconsin,2008,Febrero,4.4,WI
Wisconsin,2008,Enero,4.5,WI
Wisconsin,2009,Diciembre,9.3,WI
Wisconsin,2009,Noviembre,9.3,WI
Wisconsin,2009,Octubre,9.2,WI
Wisconsin,2009,Septiembre,9.3,WI
Wisconsin,2009,Agosto,9.3,WI
Wisconsin,2009,Julio,9.3,WI
Wisconsin,2009,Junio,9.4,WI
Wisconsin,2009,Mayo,9.3,WI
Wisconsin,2009,Abril,9.0,WI
Wisconsin,2009,Marzo,8.6,WI
Wisconsin,2009,Febrero,8.1,WI
Wisconsin,2009,Enero,7.4,WI
Wisconsin,2010,Diciembre,7.9,WI
Wisconsin,2010,Noviembre,8.0,WI
Wisconsin,2010,Octubre,8.1,WI
Wisconsin,2010,Septiembre,8.2,WI
Wisconsin,2010,Agosto,8.2,WI
Wisconsin,2010,Julio,8.3,WI
Wisconsin,2010,Junio,8.4,WI
Wisconsin,2010,Mayo,8.6,WI
Wisconsin,2010,Abril,8.8,WI
Wisconsin,2010,Marzo,9.0,WI
Wisconsin,2010,Febrero,9.2,WI
Wisconsin,2010,Enero,9.3,WI
Virginia-occidental,2000,Diciembre,5.4,
Virginia-occidental,2000,Noviembre,5.4,
Virginia-occidental,2000,Octubre,5.5,
Virginia-occidental,2000,Septiembre,5.5,
Virginia-occidental,2000,Agosto,5.6,
Virginia-occidental,2000,Julio,5.6,
Virginia-occidental,2000,Junio,5.6,
Virginia-occidental,2000,Mayo,5.6,
Virginia-occidental,2000,Abril,5.6,
Virginia-occidental,2000,Marzo,5.6,
Virginia-occidental,2000,Febrero,5.7,
Virginia-occidental,2000,Enero,5.8,
Virginia-occidental,2001,Diciembre,5.9,
Virginia-occidental,2001,Noviembre,5.8,
Virginia-occidental,2001,Octubre,5.6,
Virginia-occidental,2001,Septiembre,5.5,
Virginia-occidental,2001,Agosto,5.3,
Virginia-occidental,2001,Julio,5.2,
Virginia-occidental,2001,Junio,5.2,
Virginia-occidental,2001,Mayo,5.2,
Virginia-occidental,2001,Abril,5.2,
Virginia-occidental,2001,Marzo,5.2,
Virginia-occidental,2001,Febrero,5.3,
Virginia-occidental,2001,Enero,5.3,
Virginia-occidental,2002,Diciembre,6.6,
Virginia-occidental,2002,Noviembre,6.6,
Virginia-occidental,2002,Octubre,6.5,
Virginia-occidental,2002,Septiembre,6.5,
Virginia-occidental,2002,Agosto,6.5,
Virginia-occidental,2002,Julio,6.5,
Virginia-occidental,2002,Junio,6.5,
Virginia-occidental,2002,Mayo,6.5,
Virginia-occidental,2002,Abril,6.5,
Virginia-occidental,2002,Marzo,6.4,
Virginia-occidental,2002,Febrero,6.3,
Virginia-occidental,2002,Enero,6.1,
Virginia-occidental,2003,Diciembre,6.1,
Virginia-occidental,2003,Noviembre,6.2,
Virginia-occidental,2003,Octubre,6.3,
Virginia-occidental,2003,Septiembre,6.5,
Virginia-occidental,2003,Agosto,6.6,
Virginia-occidental,2003,Julio,6.7,
Virginia-occidental,2003,Junio,6.7,
Virginia-occidental,2003,Mayo,6.8,
Virginia-occidental,2003,Abril,6.8,
Virginia-occidental,2003,Marzo,6.7,
Virginia-occidental,2003,Febrero,6.7,
Virginia-occidental,2003,Enero,6.7,
Virginia-occidental,2004,Diciembre,5.6,
Virginia-occidental,2004,Noviembre,5.6,
Virginia-occidental,2004,Octubre,5.6,
Virginia-occidental,2004,Septiembre,5.6,
Virginia-occidental,2004,Agosto,5.6,
Virginia-occidental,2004,Julio,5.7,
Virginia-occidental,2004,Junio,5.7,
Virginia-occidental,2004,Mayo,5.8,
Virginia-occidental,2004,Abril,5.9,
Virginia-occidental,2004,Marzo,6.0,
Virginia-occidental,2004,Febrero,6.0,
Virginia-occidental,2004,Enero,6.1,
Virginia-occidental,2005,Diciembre,5.2,
Virginia-occidental,2005,Noviembre,5.3,
Virginia-occidental,2005,Octubre,5.4,
Virginia-occidental,2005,Septiembre,5.4,
Virginia-occidental,2005,Agosto,5.4,
Virginia-occidental,2005,Julio,5.4,
Virginia-occidental,2005,Junio,5.4,
Virginia-occidental,2005,Mayo,5.4,
Virginia-occidental,2005,Abril,5.5,
Virginia-occidental,2005,Marzo,5.5,
Virginia-occidental,2005,Febrero,5.6,
Virginia-occidental,2005,Enero,5.6,
Virginia-occidental,2006,Diciembre,5.1,
Virginia-occidental,2006,Noviembre,5.2,
Virginia-occidental,2006,Octubre,5.3,
Virginia-occidental,2006,Septiembre,5.3,
Virginia-occidental,2006,Agosto,5.4,
Virginia-occidental,2006,Julio,5.4,
Virginia-occidental,2006,Junio,5.3,
Virginia-occidental,2006,Mayo,5.2,
Virginia-occidental,2006,Abril,5.1,
Virginia-occidental,2006,Marzo,5.0,
Virginia-occidental,2006,Febrero,5.0,
Virginia-occidental,2006,Enero,5.1,
Virginia-occidental,2007,Diciembre,4.8,
Virginia-occidental,2007,Noviembre,4.8,
Virginia-occidental,2007,Octubre,4.9,
Virginia-occidental,2007,Septiembre,4.9,
Virginia-occidental,2007,Agosto,4.8,
Virginia-occidental,2007,Julio,4.8,
Virginia-occidental,2007,Junio,4.7,
Virginia-occidental,2007,Mayo,4.7,
Virginia-occidental,2007,Abril,4.8,
Virginia-occidental,2007,Marzo,4.8,
Virginia-occidental,2007,Febrero,4.9,
Virginia-occidental,2007,Enero,5.0,
Virginia-occidental,2008,Diciembre,5.9,
Virginia-occidental,2008,Noviembre,5.4,
Virginia-occidental,2008,Octubre,5.0,
Virginia-occidental,2008,Septiembre,4.7,
Virginia-occidental,2008,Agosto,4.5,
Virginia-occidental,2008,Julio,4.5,
Virginia-occidental,2008,Junio,4.4,
Virginia-occidental,2008,Mayo,4.4,
Virginia-occidental,2008,Abril,4.4,
Virginia-occidental,2008,Marzo,4.5,
Virginia-occidental,2008,Febrero,4.6,
Virginia-occidental,2008,Enero,4.7,
Virginia-occidental,2009,Diciembre,8.9,
Virginia-occidental,2009,Noviembre,8.9,
Virginia-occidental,2009,Octubre,8.8,
Virginia-occidental,2009,Septiembre,8.8,
Virginia-occidental,2009,Agosto,8.8,
Virginia-occidental,2009,Julio,8.8,
Virginia-occidental,2009,Junio,8.7,
Virginia-occidental,2009,Mayo,8.5,
Virginia-occidental,2009,Abril,8.1,
Virginia-occidental,2009,Marzo,7.7,
Virginia-occidental,2009,Febrero,7.1,
Virginia-occidental,2009,Enero,6.5,
Virginia-occidental,2010,Diciembre,8.5,
Virginia-occidental,2010,Noviembre,8.6,
Virginia-occidental,2010,Octubre,8.6,
Virginia-occidental,2010,Septiembre,8.6,
Virginia-occidental,2010,Agosto,8.5,
Virginia-occidental,2010,Julio,8.4,
Virginia-occidental,2010,Junio,8.5,
Virginia-occidental,2010,Mayo,8.5,
Virginia-occidental,2010,Abril,8.7,
Virginia-occidental,2010,Marzo,8.8,
Virginia-occidental,2010,Febrero,8.9,
Virginia-occidental,2010,Enero,9.0,
Wyoming,2000,Diciembre,3.7,WT
Wyoming,2000,Noviembre,3.7,WT
Wyoming,2000,Octubre,3.7,WT
Wyoming,2000,Septiembre,3.7,WT
Wyoming,2000,Agosto,3.7,WT
Wyoming,2000,Julio,3.7,WT
Wyoming,2000,Junio,3.7,WT
Wyoming,2000,Mayo,3.7,WT
Wyoming,2000,Abril,3.7,WT
Wyoming,2000,Marzo,3.8,WT
Wyoming,2000,Febrero,3.9,WT
Wyoming,2000,Enero,4.0,WT
Wyoming,2001,Diciembre,3.9,WT
Wyoming,2001,Noviembre,3.9,WT
Wyoming,2001,Octubre,3.9,WT
Wyoming,2001,Septiembre,3.9,WT
Wyoming,2001,Agosto,3.9,WT
Wyoming,2001,Julio,3.9,WT
Wyoming,2001,Junio,3.8,WT
Wyoming,2001,Mayo,3.8,WT
Wyoming,2001,Abril,3.7,WT
Wyoming,2001,Marzo,3.7,WT
Wyoming,2001,Febrero,3.7,WT
Wyoming,2001,Enero,3.7,WT
Wyoming,2002,Diciembre,4.3,WT
Wyoming,2002,Noviembre,4.2,WT
Wyoming,2002,Octubre,4.0,WT
Wyoming,2002,Septiembre,3.9,WT
Wyoming,2002,Agosto,3.9,WT
Wyoming,2002,Julio,3.9,WT
Wyoming,2002,Junio,4.0,WT
Wyoming,2002,Mayo,4.0,WT
Wyoming,2002,Abril,4.0,WT
Wyoming,2002,Marzo,4.0,WT
Wyoming,2002,Febrero,4.0,WT
Wyoming,2002,Enero,3.9,WT
Wyoming,2003,Diciembre,4.1,WT
Wyoming,2003,Noviembre,4.1,WT
Wyoming,2003,Octubre,4.2,WT
Wyoming,2003,Septiembre,4.2,WT
Wyoming,2003,Agosto,4.3,WT
Wyoming,2003,Julio,4.3,WT
Wyoming,2003,Junio,4.4,WT
Wyoming,2003,Mayo,4.4,WT
Wyoming,2003,Abril,4.5,WT
Wyoming,2003,Marzo,4.5,WT
Wyoming,2003,Febrero,4.5,WT
Wyoming,2003,Enero,4.4,WT
Wyoming,2004,Diciembre,3.7,WT
Wyoming,2004,Noviembre,3.7,WT
Wyoming,2004,Octubre,3.8,WT
Wyoming,2004,Septiembre,3.8,WT
Wyoming,2004,Agosto,3.8,WT
Wyoming,2004,Julio,3.8,WT
Wyoming,2004,Junio,3.8,WT
Wyoming,2004,Mayo,3.8,WT
Wyoming,2004,Abril,3.9,WT
Wyoming,2004,Marzo,3.9,WT
Wyoming,2004,Febrero,4.0,WT
Wyoming,2004,Enero,4.1,WT
Wyoming,2005,Diciembre,3.4,WT
Wyoming,2005,Noviembre,3.5,WT
Wyoming,2005,Octubre,3.5,WT
Wyoming,2005,Septiembre,3.6,WT
Wyoming,2005,Agosto,3.6,WT
Wyoming,2005,Julio,3.6,WT
Wyoming,2005,Junio,3.6,WT
Wyoming,2005,Mayo,3.5,WT
Wyoming,2005,Abril,3.5,WT
Wyoming,2005,Marzo,3.5,WT
Wyoming,2005,Febrero,3.6,WT
Wyoming,2005,Enero,3.6,WT
Wyoming,2006,Diciembre,2.8,WT
Wyoming,2006,Noviembre,2.9,WT
Wyoming,2006,Octubre,3.0,WT
Wyoming,2006,Septiembre,3.1,WT
Wyoming,2006,Agosto,3.0,WT
Wyoming,2006,Julio,3.0,WT
Wyoming,2006,Junio,3.0,WT
Wyoming,2006,Mayo,3.0,WT
Wyoming,2006,Abril,3.0,WT
Wyoming,2006,Marzo,3.0,WT
Wyoming,2006,Febrero,3.1,WT
Wyoming,2006,Enero,3.2,WT
Wyoming,2007,Diciembre,2.6,WT
Wyoming,2007,Noviembre,2.7,WT
Wyoming,2007,Octubre,2.7,WT
Wyoming,2007,Septiembre,2.8,WT
Wyoming,2007,Agosto,2.8,WT
Wyoming,2007,Julio,2.8,WT
Wyoming,2007,Junio,2.7,WT
Wyoming,2007,Mayo,2.7,WT
Wyoming,2007,Abril,2.6,WT
Wyoming,2007,Marzo,2.6,WT
Wyoming,2007,Febrero,2.6,WT
Wyoming,2007,Enero,2.7,WT
Wyoming,2008,Diciembre,3.7,WT
Wyoming,2008,Noviembre,3.4,WT
Wyoming,2008,Octubre,3.2,WT
Wyoming,2008,Septiembre,3.1,WT
Wyoming,2008,Agosto,3.0,WT
Wyoming,2008,Julio,2.9,WT
Wyoming,2008,Junio,2.8,WT
Wyoming,2008,Mayo,2.7,WT
Wyoming,2008,Abril,2.6,WT
Wyoming,2008,Marzo,2.6,WT
Wyoming,2008,Febrero,2.6,WT
Wyoming,2008,Enero,2.6,WT
Wyoming,2009,Diciembre,7.5,WT
Wyoming,2009,Noviembre,7.3,WT
Wyoming,2009,Octubre,7.1,WT
Wyoming,2009,Septiembre,6.8,WT
Wyoming,2009,Agosto,6.7,WT
Wyoming,2009,Julio,6.6,WT
Wyoming,2009,Junio,6.5,WT
Wyoming,2009,Mayo,6.3,WT
Wyoming,2009,Abril,5.9,WT
Wyoming,2009,Marzo,5.4,WT
Wyoming,2009,Febrero,4.8,WT
Wyoming,2009,Enero,4.2,WT
Wyoming,2010,Diciembre,6.6,WT
Wyoming,2010,Noviembre,6.6,WT
Wyoming,2010,Octubre,6.6,WT
Wyoming,2010,Septiembre,6.6,WT
Wyoming,2010,Agosto,6.6,WT
Wyoming,2010,Julio,6.6,WT
Wyoming,2010,Junio,6.8,WT
Wyoming,2010,Mayo,7.0,WT
Wyoming,2010,Abril,7.2,WT
Wyoming,2010,Marzo,7.5,WT
Wyoming,2010,Febrero,7.6,WT
Wyoming,2010,Enero,7.6,WT
